1 34648U 97051JZ  24365.88768072  .00021179  00000-0  11051-1 0  9992
2 34648  86.4037  61.0112 0197148 301.9800  56.2348 14.04886582801381
1 34648U 97051JZ  24365.88768072  .00021179  00000-0  11051-1 0  9992
2 34648  86.4037  61.0112 0197148 301.9800  56.2348 14.04886582800795
1 34648U 97051JZ  24364.89054513  .00020239  00000-0  10576-1 0  9997
2 34648  86.4064  61.4088 0196857 305.1339  53.1528 14.04841271800657
1 34648U 97051JZ  24364.17828588  .00017902  00000-0  93630-2 0  9995
2 34648  86.4056  61.6919 0196828 307.3705  50.9688 14.04811490801149
1 34648U 97051JZ  24362.18389125  .00014765  00000-0  77367-2 0  9996
2 34648  86.4061  62.4848 0196673 313.6544  44.8471 14.04741271800278
1 34648U 97051JZ  24362.18389125  .00014765  00000-0  77367-2 0  9996
2 34648  86.4061  62.4848 0196673 313.6544  44.8471 14.04741271800863
1 34648U 97051JZ  24361.61404803  .00014923  00000-0  78232-2 0  9992
2 34648  86.4062  62.7106 0196574 315.4760  43.0765 14.04723590800191
1 34648U 97051JZ  24360.90173343  .00014135  00000-0  74158-2 0  9993
2 34648  86.4065  62.9940 0196421 317.7287  40.8891 14.04700860800091
1 34648U 97051JZ  24360.90173343  .00014135  00000-0  74158-2 0  9993
2 34648  86.4065  62.9940 0196421 317.7287  40.8891 14.04700860800686
1 34648U 97051JZ  24360.18940836  .00014377  00000-0  75466-2 0  9993
2 34648  86.4059  63.2773 0196363 319.9711  38.7131 14.04679634799996
1 34648U 97051JZ  24359.90447564  .00013785  00000-0  72385-2 0  9990
2 34648  86.4047  63.3908 0196254 320.8991  37.8138 14.04670454799958
1 34648U 97051JZ  24359.61954085  .00013148  00000-0  69049-2 0  9995
2 34648  86.4039  63.5055 0196301 321.7891  36.9506 14.04661887800509
1 34648U 97051JZ  24358.62225694  .00011133  00000-0  58522-2 0  9998
2 34648  86.4040  63.9019 0196131 324.9632  33.8770 14.04632950799778
1 34648U 97051JZ  24358.62225694  .00011133  00000-0  58522-2 0  9998
2 34648  86.4040  63.9019 0196131 324.9632  33.8770 14.04632950800366
1 34648U 97051JZ  24357.62495492  .00010280  00000-0  54074-2 0  9992
2 34648  86.4038  64.2985 0195996 328.1340  30.8100 14.04608003800220
1 34648U 97051JZ  24357.62495492  .00010280  00000-0  54074-2 0  9992
2 34648  86.4038  64.2985 0195996 328.1340  30.8100 14.04608003799632
1 34648U 97051JZ  24356.62763611  .00009166  00000-0  48241-2 0  9992
2 34648  86.4038  64.6950 0195888 331.3055  27.7454 14.04586047799491
1 34648U 97051JZ  24356.20020903  .00008893  00000-0  46818-2 0  9990
2 34648  86.4038  64.8651 0195800 332.6735  26.4247 14.04578247799437
1 34648U 97051JZ  24356.20020903  .00008893  00000-0  46818-2 0  9990
2 34648  86.4038  64.8651 0195800 332.6735  26.4247 14.04578247800025
1 34648U 97051JZ  24355.63030319  .00007774  00000-0  40938-2 0  9992
2 34648  86.4036  65.0915 0195721 334.5010  24.6610 14.04566420799355
1 34648U 97051JZ  24354.63295739  .00007991  00000-0  42098-2 0  9990
2 34648  86.4042  65.4886 0195628 337.6615  21.6126 14.04550670799218
1 34648U 97051JZ  24354.63295739  .00007991  00000-0  42098-2 0  9990
2 34648  86.4042  65.4886 0195628 337.6615  21.6126 14.04550670799803
1 34648U 97051JZ  24353.92056142  .00009381  00000-0  49439-2 0  9995
2 34648  86.4040  65.7714 0195650 339.9324  19.4235 14.04539580799118
1 34648U 97051JZ  24353.20815915  .00009946  00000-0  52431-2 0  9990
2 34648  86.4037  66.0548 0195603 342.1983  17.2405 14.04526730799015
1 34648U 97051JZ  24352.92319658  .00010661  00000-0  56211-2 0  9997
2 34648  86.4036  66.1679 0195601 343.1121  16.3604 14.04521856799568
1 34648U 97051JZ  24352.49575057  .00009935  00000-0  52384-2 0  9995
2 34648  86.4037  66.3373 0195632 344.4984  15.0254 14.04512744798918
1 34648U 97051JZ  24351.64085094  .00009306  00000-0  49086-2 0  9995
2 34648  86.4044  66.6780 0195579 347.2230  12.4029 14.04496183798791
1 34648U 97051JZ  24351.64085094  .00009306  00000-0  49086-2 0  9995
2 34648  86.4044  66.6780 0195579 347.2230  12.4029 14.04496183799387
1 34648U 97051JZ  24349.93102316  .00008425  00000-0  44471-2 0  9995
2 34648  86.4054  67.3582 0195498 352.6670   7.1657 14.04464691798559
1 34648U 97051JZ  24349.64604815  .00007480  00000-0  39478-2 0  9995
2 34648  86.4060  67.4718 0195501 353.5598   6.3070 14.04459108798515
1 34648U 97051JZ  24349.64604815  .00007480  00000-0  39478-2 0  9995
2 34648  86.4060  67.4718 0195501 353.5598   6.3070 14.04459108799101
1 34648U 97051JZ  24348.64862833  .00006573  00000-0  34694-2 0  9997
2 34648  86.4059  67.8677 0195538 356.7300   3.2585 14.04444248798377
1 34648U 97051JZ  24348.22115960  .00006238  00000-0  32926-2 0  9997
2 34648  86.4054  68.0372 0195548 358.1055   1.9359 14.04438468798316
1 34648U 97051JZ  24348.22115960  .00006238  00000-0  32926-2 0  9997
2 34648  86.4054  68.0372 0195548 358.1055   1.9359 14.04438468798901
1 34648U 97051JZ  24347.65119878  .00006644  00000-0  35077-2 0  9996
2 34648  86.4050  68.2634 0195556 359.9289   0.1828 14.04431407798231
1 34648U 97051JZ  24347.50870796  .00007543  00000-0  39832-2 0  9995
2 34648  86.4053  68.3199 0195556   0.3999 359.7299 14.04430932798211
1 34648U 97051JZ  24346.93874332  .00007613  00000-0  40197-2 0  9995
2 34648  86.4046  68.5459 0195651   2.1780 358.0204 14.04422697798721
1 34648U 97051JZ  24346.65376018  .00008168  00000-0  43135-2 0  9993
2 34648  86.4045  68.6592 0195636   3.1024 357.1316 14.04418850798094
1 34648U 97051JZ  24346.51126815  .00008597  00000-0  45406-2 0  9995
2 34648  86.4052  68.7159 0195650   3.5644 356.6874 14.04416931798079
1 34648U 97051JZ  24345.65631147  .00009465  00000-0  50008-2 0  9997
2 34648  86.4043  69.0557 0195676   6.2806 354.0756 14.04402049797955
1 34648U 97051JZ  24345.65631147  .00009465  00000-0  50008-2 0  9997
2 34648  86.4043  69.0557 0195676   6.2806 354.0756 14.04402049798541
1 34648U 97051JZ  24345.22882954  .00011319  00000-0  59808-2 0  9992
2 34648  86.4052  69.2252 0195716   7.6538 352.7551 14.04395611797898
1 34648U 97051JZ  24344.65884983  .00010676  00000-0  56413-2 0  9996
2 34648  86.4038  69.4503 0195804   9.4737 351.0049 14.04382472797819
1 34648U 97051JZ  24344.51635401  .00011020  00000-0  58242-2 0  9996
2 34648  86.4043  69.5080 0195749   9.9660 350.5311 14.04379887797793
1 34648U 97051JZ  24344.51635401  .00011020  00000-0  58242-2 0  9996
2 34648  86.4043  69.5080 0195749   9.9660 350.5311 14.04379887798389
1 34648U 97051JZ  24343.51887499  .00010098  00000-0  53381-2 0  9994
2 34648  86.4042  69.9045 0195830  13.1140 347.5025 14.04358165797657
1 34648U 97051JZ  24342.66388101  .00010482  00000-0  55421-2 0  9999
2 34648  86.4037  70.2445 0195892  15.8044 344.9130 14.04341710797533
1 34648U 97051JZ  24342.66388101  .00010482  00000-0  55421-2 0  9999
2 34648  86.4037  70.2445 0195892  15.8044 344.9130 14.04341710798129
1 34648U 97051JZ  24342.52138107  .00009703  00000-0  51303-2 0  9992
2 34648  86.4036  70.3010 0195925  16.3136 344.4229 14.04337739797514
1 34648U 97051JZ  24341.52387236  .00009808  00000-0  51861-2 0  9995
2 34648  86.4059  70.6975 0196123  19.4651 341.3882 14.04318115797966
1 34648U 97051JZ  24340.52634954  .00012188  00000-0  64453-2 0  9992
2 34648  86.4061  71.0945 0196252  22.6739 338.2961 14.04299224797239
1 34648U 97051JZ  24339.52881095  .00011937  00000-0  63149-2 0  9992
2 34648  86.4064  71.4918 0196352  25.7600 335.3198 14.04274009797096
1 34648U 97051JZ  24339.52881095  .00011937  00000-0  63149-2 0  9992
2 34648  86.4064  71.4918 0196352  25.7600 335.3198 14.04274009797681
1 34648U 97051JZ  24338.53125432  .00012352  00000-0  65359-2 0  9995
2 34648  86.4069  71.8886 0196468  28.8975 332.2914 14.04249088796951
1 34648U 97051JZ  24337.53367896  .00012334  00000-0  65280-2 0  9999
2 34648  86.4065  72.2849 0196619  32.0319 329.2632 14.04223719797405
1 34648U 97051JZ  24337.53367896  .00012334  00000-0  65280-2 0  9999
2 34648  86.4065  72.2849 0196619  32.0319 329.2632 14.04223719796819
1 34648U 97051JZ  24336.67859962  .00013904  00000-0  73595-2 0  9995
2 34648  86.4057  72.6236 0196752  34.7151 326.6685 14.04202508796693
1 34648U 97051JZ  24336.53608505  .00013792  00000-0  73010-2 0  9992
2 34648  86.4081  72.6811 0196742  35.1198 326.2767 14.04198084796672
1 34648U 97051JZ  24335.68098900  .00014853  00000-0  78643-2 0  9995
2 34648  86.4079  73.0203 0196898  37.8241 323.6586 14.04173278796554
1 34648U 97051JZ  24335.68098900  .00014853  00000-0  78643-2 0  9995
2 34648  86.4079  73.0203 0196898  37.8241 323.6586 14.04173278797140
1 34648U 97051JZ  24335.53847160  .00015198  00000-0  80474-2 0  9997
2 34648  86.4106  73.0803 0196867  38.2054 323.2889 14.04169779796535
1 34648U 97051JZ  24334.54083551  .00014923  00000-0  79034-2 0  9998
2 34648  86.4088  73.4755 0197122  41.3494 320.2418 14.04137825796983
1 34648U 97051JZ  24334.54083551  .00014923  00000-0  79034-2 0  9998
2 34648  86.4088  73.4755 0197122  41.3494 320.2418 14.04137825796398
1 34648U 97051JZ  24333.25812702  .00015598  00000-0  82658-2 0  9998
2 34648  86.4052  73.9822 0197152  45.2286 316.4741 14.04101959796210
1 34648U 97051JZ  24333.25812702  .00015598  00000-0  82658-2 0  9998
2 34648  86.4052  73.9822 0197152  45.2286 316.4741 14.04101959796805
1 34648U 97051JZ  24329.26724828  .00013738  00000-0  72849-2 0  9990
2 34648  86.4046  75.5674 0198133  57.8399 304.1830 14.03980271795651
1 34648U 97051JZ  24329.26724828  .00013738  00000-0  72849-2 0  9990
2 34648  86.4046  75.5674 0198133  57.8399 304.1830 14.03980271796247
1 34648U 97051JZ  24328.26947344  .00014678  00000-0  77821-2 0  9998
2 34648  86.4051  75.9637 0198527  61.0279 301.0642 14.03952730795512
1 34648U 97051JZ  24327.27167689  .00013836  00000-0  73358-2 0  9990
2 34648  86.4054  76.3601 0198825  64.1701 297.9836 14.03925591795373
1 34648U 97051JZ  24327.27167689  .00013836  00000-0  73358-2 0  9990
2 34648  86.4054  76.3601 0198825  64.1701 297.9836 14.03925591795968
1 34648U 97051JZ  24325.77494579  .00012803  00000-0  67857-2 0  9994
2 34648  86.4058  76.9550 0199408  68.8812 293.3554 14.03890121795757
1 34648U 97051JZ  24325.77494579  .00012803  00000-0  67857-2 0  9994
2 34648  86.4058  76.9550 0199408  68.8812 293.3554 14.03890121795162
1 34648U 97051JZ  24325.27602708  .00011114  00000-0  58908-2 0  9995
2 34648  86.4062  77.1532 0199525  70.4308 291.8293 14.03875276795098
1 34648U 97051JZ  24325.27602708  .00011114  00000-0  58908-2 0  9995
2 34648  86.4062  77.1532 0199525  70.4308 291.8293 14.03875276795683
1 34648U 97051JZ  24324.27817454  .00009847  00000-0  52189-2 0  9995
2 34648  86.4065  77.5488 0199761  73.5544 288.7485 14.03852361794955
1 34648U 97051JZ  24323.77924194  .00009333  00000-0  49457-2 0  9993
2 34648  86.4072  77.7479 0199975  75.0727 287.2499 14.03842673794888
1 34648U 97051JZ  24323.77924194  .00009333  00000-0  49457-2 0  9993
2 34648  86.4072  77.7479 0199975  75.0727 287.2499 14.03842673795474
1 34648U 97051JZ  24323.56541248  .00009212  00000-0  48823-2 0  9997
2 34648  86.4069  77.8324 0199910  75.7226 286.6062 14.03838238794852
1 34648U 97051JZ  24322.35370021  .00008978  00000-0  47557-2 0  9993
2 34648  86.4064  78.3124 0200417  79.5172 282.8521 14.03816708794685
1 34648U 97051JZ  24321.28452571  .00013519  00000-0  71610-2 0  9999
2 34648  86.4060  78.7363 0200774  82.8366 279.5592 14.03794813795121
1 34648U 97051JZ  24321.28452571  .00013519  00000-0  71610-2 0  9999
2 34648  86.4060  78.7363 0200774  82.8366 279.5592 14.03794813794535
1 34648U 97051JZ  24321.07068870  .00018887  00000-0  99991-2 0  9996
2 34648  86.4058  78.8211 0200918  83.5060 278.8950 14.03794255795096
1 34648U 97051JZ  24320.28661009  .00014907  00000-0  78957-2 0  9999
2 34648  86.4053  79.1318 0201090  85.9358 276.4778 14.03766639794390
1 34648U 97051JZ  24319.35995337  .00012357  00000-0  65459-2 0  9999
2 34648  86.4055  79.5000 0201312  88.8040 273.6193 14.03739332794267
1 34648U 97051JZ  24319.35995337  .00012357  00000-0  65459-2 0  9999
2 34648  86.4055  79.5000 0201312  88.8040 273.6193 14.03739332794852
1 34648U 97051JZ  24318.36199569  .00016097  00000-0  85246-2 0  9993
2 34648  86.4053  79.8959 0201678  91.9015 270.5273 14.03715544794122
1 34648U 97051JZ  24318.07686112  .00016032  00000-0  84916-2 0  9998
2 34648  86.4052  80.0094 0201693  92.7444 269.6838 14.03707400794675
1 34648U 97051JZ  24317.64915668  .00018113  00000-0  95866-2 0  9999
2 34648  86.4048  80.1785 0202145  94.0581 268.3730 14.03697997794023
1 34648U 97051JZ  24317.29273202  .00019113  00000-0  10119-1 0  9999
2 34648  86.4044  80.3202 0202038  95.1992 267.2277 14.03687484793971
1 34648U 97051JZ  24317.29273202  .00019113  00000-0  10119-1 0  9999
2 34648  86.4044  80.3202 0202038  95.1992 267.2277 14.03687484794567
1 34648U 97051JZ  24316.79373451  .00027512  00000-0  14546-1 0  9990
2 34648  86.4057  80.5189 0202471  96.7271 265.6994 14.03675689794499
1 34648U 97051JZ  24316.29473030  .00031923  00000-0  16871-1 0  9993
2 34648  86.4031  80.7164 0202674  98.2595 264.1621 14.03653856793837
1 34648U 97051JZ  24316.08086920  .00037198  00000-0  19651-1 0  9997
2 34648  86.4035  80.8011 0202665  98.9178 263.5002 14.03642605794395
1 34648U 97051JZ  24315.08282331  .00047801  00000-0  25233-1 0  9995
2 34648  86.4056  81.1941 0203052 101.9251 260.4772 14.03578883793667
1 34648U 97051JZ  24315.08282331  .00047801  00000-0  25233-1 0  9995
2 34648  86.4056  81.1941 0203052 101.9251 260.4772 14.03578883794253
1 34648U 97051JZ  24314.79765528  .00077168  00000-0  40599-1 0  9997
2 34648  86.4027  81.3105 0202801 102.8335 259.5586 14.03579261793622
1 34648U 97051JZ  24314.79765528  .00077168  00000-0  40599-1 0  9997
2 34648  86.4027  81.3105 0202801 102.8335 259.5586 14.03579261794218
1 34648U 97051JZ  24314.08472283  .00030586  00000-0  16198-1 0  9993
2 34648  86.4056  81.5950 0203535 105.0459 257.3341 14.03474679793522
1 34648U 97051JZ  24314.08472283  .00030586  00000-0  16198-1 0  9993
2 34648  86.4056  81.5950 0203535 105.0459 257.3341 14.03474679794118
1 34648U 97051JZ  24313.79953704  .00030233  00000-0  16021-1 0  9996
2 34648  86.4050  81.7082 0203383 105.9257 256.4436 14.03458837793488
1 34648U 97051JZ  24312.80136122  .00031174  00000-0  16521-1 0  9994
2 34648  86.4046  82.1028 0203942 108.9738 253.3662 14.03397194793346
1 34648U 97051JZ  24312.80136122  .00031174  00000-0  16521-1 0  9994
2 34648  86.4046  82.1028 0203942 108.9738 253.3662 14.03397194793931
1 34648U 97051JZ  24311.37531469  .00036559  00000-0  19385-1 0  9991
2 34648  86.4052  82.6683 0204333 113.3683 248.9135 14.03300630793736
1 34648U 97051JZ  24311.37531469  .00036559  00000-0  19385-1 0  9991
2 34648  86.4052  82.6683 0204333 113.3683 248.9135 14.03300630793141
1 34648U 97051JZ  24311.09009303  .00032635  00000-0  17316-1 0  9990
2 34648  86.4049  82.7803 0204496 114.2133 248.0567 14.03274843793698
1 34648U 97051JZ  24310.09177907  .00037582  00000-0  19948-1 0  9994
2 34648  86.4040  83.1756 0204741 117.2711 244.9485 14.03204362792961
1 34648U 97051JZ  24309.66391412  .00039511  00000-0  20970-1 0  9995
2 34648  86.4044  83.3459 0204997 118.5783 243.6194 14.03172676792902
1 34648U 97051JZ  24309.66391412  .00039511  00000-0  20970-1 0  9995
2 34648  86.4044  83.3459 0204997 118.5783 243.6194 14.03172676793497
1 34648U 97051JZ  24309.37866542  .00050894  00000-0  26975-1 0  9992
2 34648  86.4050  83.4594 0205169 119.4445 242.7380 14.03152927792866
1 34648U 97051JZ  24308.38025230  .00047958  00000-0  25499-1 0  9990
2 34648  86.4037  83.8534 0204709 122.5386 239.5752 14.03052924792725
1 34648U 97051JZ  24308.38025230  .00047958  00000-0  25499-1 0  9990
2 34648  86.4037  83.8534 0204709 122.5386 239.5752 14.03052924793311
1 34648U 97051JZ  24306.66852501  .00041607  00000-0  22159-1 0  9993
2 34648  86.4044  84.5317 0206090 127.8006 234.2033 14.02879552792482
1 34648U 97051JZ  24306.38321466  .00051552  00000-0  27424-1 0  9993
2 34648  86.4066  84.6467 0206132 128.6670 233.3154 14.02870699792449
1 34648U 97051JZ  24306.38321466  .00051552  00000-0  27424-1 0  9993
2 34648  86.4066  84.6467 0206132 128.6670 233.3154 14.02870699793035
1 34648U 97051JZ  24305.81258375  .00040941  00000-0  21825-1 0  9997
2 34648  86.4048  84.8712 0206367 130.4123 231.5267 14.02808889792366
1 34648U 97051JZ  24305.81258375  .00040941  00000-0  21825-1 0  9997
2 34648  86.4048  84.8712 0206367 130.4123 231.5267 14.02808889792951
1 34648U 97051JZ  24305.38459678  .00041411  00000-0  22084-1 0  9999
2 34648  86.4052  85.0411 0206571 131.7433 230.1616 14.02767077792305
1 34648U 97051JZ  24304.38591159  .00045174  00000-0  24131-1 0  9994
2 34648  86.4038  85.4379 0206263 134.9205 226.8920 14.02685490792168
1 34648U 97051JZ  24304.38591159  .00045174  00000-0  24131-1 0  9994
2 34648  86.4038  85.4379 0206263 134.9205 226.8920 14.02685490792753
1 34648U 97051JZ  24303.67252665  .00039068  00000-0  20893-1 0  9997
2 34648  86.4044  85.7207 0206745 137.0857 224.6665 14.02620304792064
1 34648U 97051JZ  24303.38716393  .00039480  00000-0  21115-1 0  9994
2 34648  86.4046  85.8339 0206914 137.9376 223.7899 14.02598315792027
1 34648U 97051JZ  24302.81642394  .00044425  00000-0  23760-1 0  9993
2 34648  86.4047  86.0598 0207073 139.6971 221.9767 14.02551129792537
1 34648U 97051JZ  24302.38835554  .00039156  00000-0  20964-1 0  9995
2 34648  86.4007  86.2282 0207291 141.0095 220.6240 14.02510599791886
1 34648U 97051JZ  24301.67488234  .00039000  00000-0  20916-1 0  9990
2 34648  86.4024  86.5109 0207039 143.2929 218.2639 14.02447394791782
1 34648U 97051JZ  24301.38948311  .00042515  00000-0  22814-1 0  9999
2 34648  86.4013  86.6243 0206706 144.2505 217.2718 14.02427743791740
1 34648U 97051JZ  24301.38948311  .00042515  00000-0  22814-1 0  9999
2 34648  86.4013  86.6243 0206706 144.2505 217.2718 14.02427743792336
1 34648U 97051JZ  24300.39054862  .00025932  00000-0  13965-1 0  9999
2 34648  86.4030  87.0219 0206732 147.4017 214.0124 14.02340034791607
1 34648U 97051JZ  24299.67699230  .00025927  00000-0  13958-1 0  9997
2 34648  86.4038  87.3047 0207345 149.4864 211.8574 14.02298743792097
1 34648U 97051JZ  24298.39253709  .00025231  00000-0  13599-1 0  9991
2 34648  86.4057  87.8145 0207547 153.4515 207.7476 14.02225830791321
1 34648U 97051JZ  24298.39253709  .00025231  00000-0  13599-1 0  9991
2 34648  86.4057  87.8145 0207547 153.4515 207.7476 14.02225830791916
1 34648U 97051JZ  24297.67892122  .00022055  00000-0  11898-1 0  9990
2 34648  86.4060  88.0967 0207664 155.6565 205.4597 14.02183630791228
1 34648U 97051JZ  24297.39346899  .00020615  00000-0  11125-1 0  9997
2 34648  86.4061  88.2102 0207710 156.5288 204.5542 14.02168550791770
1 34648U 97051JZ  24296.39436180  .00018787  00000-0  10149-1 0  9991
2 34648  86.4062  88.6057 0207815 159.6052 201.3583 14.02113150791049
1 34648U 97051JZ  24295.89479350  .00033466  00000-0  18057-1 0  9998
2 34648  86.4057  88.8036 0207781 161.1281 199.7750 14.02101249790979
1 34648U 97051JZ  24295.39521720  .00022389  00000-0  12098-1 0  9993
2 34648  86.4058  89.0014 0207945 162.6466 198.1963 14.02070774790902
1 34648U 97051JZ  24295.39521720  .00022389  00000-0  12098-1 0  9993
2 34648  86.4058  89.0014 0207945 162.6466 198.1963 14.02070774791497
1 34648U 97051JZ  24294.39603915  .00082298  00000-0  44136-1 0  9992
2 34648  86.4050  89.3950 0208001 165.7567 194.9602 14.02072896791357
1 34648U 97051JZ  24294.39603915  .00082298  00000-0  44136-1 0  9992
2 34648  86.4050  89.3950 0208001 165.7567 194.9602 14.02072896790761
1 34648U 97051JZ  24293.89644261  .00050989  00000-0  27499-1 0  9990
2 34648  86.4053  89.5949 0207766 167.2784 193.3755 14.02015335791284
1 34648U 97051JZ  24293.89644261  .00050989  00000-0  27499-1 0  9990
2 34648  86.4053  89.5949 0207766 167.2784 193.3755 14.02015335790698
1 34648U 97051JZ  24293.68232389  .00067406  00000-0  36268-1 0  9997
2 34648  86.4051  89.6791 0207838 167.9353 192.6918 14.02020076791255
1 34648U 97051JZ  24293.39683099  .00064849  00000-0  34912-1 0  9995
2 34648  86.4045  89.7919 0207877 168.8512 191.7381 14.02004666790622
1 34648U 97051JZ  24293.18271103  .00056592  00000-0  30516-1 0  9993
2 34648  86.4054  89.8771 0207809 169.5088 191.0531 14.01983131791184
1 34648U 97051JZ  24292.89721320  .00048637  00000-0  26258-1 0  9990
2 34648  86.4057  89.9897 0207894 170.3651 190.1614 14.01964752790557
1 34648U 97051JZ  24292.39758425  .00038059  00000-0  20582-1 0  9992
2 34648  86.4049  90.1874 0208007 171.8875 188.5757 14.01934623790483
1 34648U 97051JZ  24291.89794761  .00026635  00000-0  14432-1 0  9993
2 34648  86.4050  90.3850 0208005 173.4187 186.9803 14.01902232790411
1 34648U 97051JZ  24291.39830180  .00027577  00000-0  14946-1 0  9990
2 34648  86.4033  90.5817 0208041 174.9257 185.4100 14.01882256790935
1 34648U 97051JZ  24291.39830180  .00027577  00000-0  14946-1 0  9990
2 34648  86.4033  90.5817 0208041 174.9257 185.4100 14.01882256790340
1 34648U 97051JZ  24290.89864599  .00027996  00000-0  15182-1 0  9993
2 34648  86.4060  90.7813 0207973 176.6189 183.6454 14.01855910790275
1 34648U 97051JZ  24290.18483920  .00027559  00000-0  14956-1 0  9993
2 34648  86.4055  91.0638 0207990 178.8092 181.3627 14.01819390790172
1 34648U 97051JZ  24290.18483920  .00027559  00000-0  14956-1 0  9993
2 34648  86.4055  91.0638 0207990 178.8092 181.3627 14.01819390790767
1 34648U 97051JZ  24289.89931152  .00028914  00000-0  15693-1 0  9999
2 34648  86.4060  91.1768 0207993 179.6794 180.4557 14.01805867790136
1 34648U 97051JZ  24288.89994100  .00025049  00000-0  13612-1 0  9995
2 34648  86.4055  91.5721 0208107 182.6900 177.3179 14.01753305789990
1 34648U 97051JZ  24288.18608352  .00024817  00000-0  13492-1 0  9996
2 34648  86.4029  91.8545 0208216 184.8629 175.0532 14.01721676790481
1 34648U 97051JZ  24287.90053437  .00026353  00000-0  14325-1 0  9996
2 34648  86.4039  91.9697 0208333 185.7985 174.0780 14.01709849789857
1 34648U 97051JZ  24286.75831859  .00037995  00000-0  20654-1 0  9996
2 34648  86.4041  92.4197 0208143 189.2246 170.5086 14.01656292789694
1 34648U 97051JZ  24285.90162668  .00045275  00000-0  24605-1 0  9997
2 34648  86.4014  92.7583 0208187 191.8736 167.7494 14.01618872790164
1 34648U 97051JZ  24285.75884176  .00083523  00000-0  45209-1 0  9996
2 34648  86.4055  92.8113 0207604 192.3324 167.2731 14.01626195789558
1 34648U 97051JZ  24285.75884176  .00083523  00000-0  45209-1 0  9996
2 34648  86.4055  92.8113 0207604 192.3324 167.2731 14.01626195790145
1 34648U 97051JZ  24284.75930409  .00037807  00000-0  20636-1 0  9997
2 34648  86.4073  93.2090 0208180 195.4144 164.0633 14.01443815789418
1 34648U 97051JZ  24284.75930409  .00037807  00000-0  20636-1 0  9997
2 34648  86.4073  93.2090 0208180 195.4144 164.0633 14.01443815790005
1 34648U 97051JZ  24284.18808906  .00050943  00000-0  27769-1 0  9990
2 34648  86.4053  93.4344 0208362 197.3031 162.0975 14.01409867789335
1 34648U 97051JZ  24284.18808906  .00050943  00000-0  27769-1 0  9990
2 34648  86.4053  93.4344 0208362 197.3031 162.0975 14.01409867789920
1 34648U 97051JZ  24282.75998847  .00152055  00000-0  81841-1 0  9993
2 34648  86.4037  93.9977 0208381 201.7430 157.4807 14.01374021789131
1 34648U 97051JZ  24282.75998847  .00152055  00000-0  81841-1 0  9993
2 34648  86.4037  93.9977 0208381 201.7430 157.4807 14.01374021789726
1 34648U 97051JZ  24281.76025008  .00054115  00000-0  29584-1 0  9997
2 34648  86.4058  94.3959 0208827 204.7518 154.3530 14.01195868788996
1 34648U 97051JZ  24281.76025008  .00054115  00000-0  29584-1 0  9997
2 34648  86.4058  94.3959 0208827 204.7518 154.3530 14.01195868789582
1 34648U 97051JZ  24281.47459496  .00068621  00000-0  37465-1 0  9991
2 34648  86.4078  94.5082 0208718 205.5848 153.4888 14.01177235788951
1 34648U 97051JZ  24281.47459496  .00068621  00000-0  37465-1 0  9991
2 34648  86.4078  94.5082 0208718 205.5848 153.4888 14.01177235789547
1 34648U 97051JZ  24280.47474979  .00045449  00000-0  24919-1 0  9996
2 34648  86.4022  94.9023 0209263 208.7494 150.2022 14.01060352789404
1 34648U 97051JZ  24280.47474979  .00045449  00000-0  24919-1 0  9996
2 34648  86.4022  94.9023 0209263 208.7494 150.2022 14.01060352788818
1 34648U 97051JZ  24279.76053406  .00050874  00000-0  27904-1 0  9999
2 34648  86.4033  95.1852 0209363 210.9708 147.8988 14.00996663788711
1 34648U 97051JZ  24279.76053406  .00050874  00000-0  27904-1 0  9999
2 34648  86.4033  95.1852 0209363 210.9708 147.8988 14.00996663789307
1 34648U 97051JZ  24279.47483791  .00059050  00000-0  32365-1 0  9993
2 34648  86.4014  95.2963 0209383 211.8427 146.9954 14.00978073788677
1 34648U 97051JZ  24278.47485886  .00049562  00000-0  27237-1 0  9998
2 34648  86.4055  95.6950 0209767 215.0051 143.7190 14.00867385789128
1 34648U 97051JZ  24277.90340944  .00052927  00000-0  29095-1 0  9993
2 34648  86.4030  95.9202 0209933 216.7957 141.8659 14.00813757789046
1 34648U 97051JZ  24277.90340944  .00052927  00000-0  29095-1 0  9993
2 34648  86.4030  95.9202 0209933 216.7957 141.8659 14.00813757788450
1 34648U 97051JZ  24277.47480784  .00040445  00000-0  22283-1 0  9996
2 34648  86.4019  96.0895 0210080 218.1257 140.4902 14.00766732788985
1 34648U 97051JZ  24277.47480784  .00040445  00000-0  22283-1 0  9996
2 34648  86.4019  96.0895 0210080 218.1257 140.4902 14.00766732788390
1 34648U 97051JZ  24276.76044616  .00050743  00000-0  27946-1 0  9990
2 34648  86.4031  96.3719 0210144 220.3240 138.2195 14.00713294788293
1 34648U 97051JZ  24276.47469092  .00043501  00000-0  23988-1 0  9993
2 34648  86.4027  96.4849 0210112 221.1740 137.3425 14.00697420788256
1 34648U 97051JZ  24276.47469092  .00043501  00000-0  23988-1 0  9993
2 34648  86.4027  96.4849 0210112 221.1740 137.3425 14.00697420788841
1 34648U 97051JZ  24275.47451959  .00033962  00000-0  18771-1 0  9999
2 34648  86.4041  96.8802 0210479 224.3121 134.1043 14.00604752788111
1 34648U 97051JZ  24275.47451959  .00033962  00000-0  18771-1 0  9999
2 34648  86.4041  96.8802 0210479 224.3121 134.1043 14.00604752788706
1 34648U 97051JZ  24274.25995500  .00037359  00000-0  20670-1 0  9994
2 34648  86.4038  97.3616 0210541 228.1113 130.1939 14.00523326788532
1 34648U 97051JZ  24274.25995500  .00037359  00000-0  20670-1 0  9994
2 34648  86.4038  97.3616 0210541 228.1113 130.1939 14.00523326787946
1 34648U 97051JZ  24273.97416510  .00032338  00000-0  17910-1 0  9996
2 34648  86.4041  97.4747 0210581 228.9998 129.2803 14.00499324788499
1 34648U 97051JZ  24273.25967228  .00025231  00000-0  13996-1 0  9998
2 34648  86.4042  97.7566 0210699 231.2107 127.0087 14.00448608787804
1 34648U 97051JZ  24272.97386824  .00028261  00000-0  15674-1 0  9994
2 34648  86.4040  97.8692 0210734 232.1035 126.0924 14.00436536788350
1 34648U 97051JZ  24271.97353100  .00023221  00000-0  12897-1 0  9999
2 34648  86.4046  98.2643 0210815 235.2182 122.8996 14.00383190788219
1 34648U 97051JZ  24271.97353100  .00023221  00000-0  12897-1 0  9999
2 34648  86.4046  98.2643 0210815 235.2182 122.8996 14.00383190787623
1 34648U 97051JZ  24271.47335072  .00021267  00000-0  11823-1 0  9998
2 34648  86.4058  98.4616 0210704 236.7420 121.3412 14.00356615787557
1 34648U 97051JZ  24271.47335072  .00021267  00000-0  11823-1 0  9998
2 34648  86.4058  98.4616 0210704 236.7420 121.3412 14.00356615788143
1 34648U 97051JZ  24270.47296266  .00026725  00000-0  14856-1 0  9991
2 34648  86.4047  98.8568 0210857 239.8553 118.1582 14.00315707787419
1 34648U 97051JZ  24270.47296266  .00026725  00000-0  14856-1 0  9991
2 34648  86.4047  98.8568 0210857 239.8553 118.1582 14.00315707788005
1 34648U 97051JZ  24269.25816309  .00023058  00000-0  12838-1 0  9995
2 34648  86.4046  99.3361 0210879 243.6286 114.3106 14.00251638787248
1 34648U 97051JZ  24269.25816309  .00023058  00000-0  12838-1 0  9995
2 34648  86.4046  99.3361 0210879 243.6286 114.3106 14.00251638787833
1 34648U 97051JZ  24268.25770263  .00017121  00000-0  95459-2 0  9997
2 34648  86.4046  99.7308 0210885 246.7321 111.1533 14.00206662787105
1 34648U 97051JZ  24268.25770263  .00017121  00000-0  95459-2 0  9997
2 34648  86.4046  99.7308 0210885 246.7321 111.1533 14.00206662787699
1 34648U 97051JZ  24267.97185065  .00030917  00000-0  17211-1 0  9992
2 34648  86.4046  99.8437 0210892 247.6378 110.2330 14.00214463787652
1 34648U 97051JZ  24267.54307230  .00018854  00000-0  10514-1 0  9990
2 34648  86.4047 100.0132 0210940 248.9558 108.8946 14.00185680787595
1 34648U 97051JZ  24266.82842899  .00014015  00000-0  78219-2 0  9997
2 34648  86.4044 100.2950 0210938 251.1762 106.6433 14.00163347786909
1 34648U 97051JZ  24266.54256985  .00012075  00000-0  67405-2 0  9990
2 34648  86.4044 100.4081 0210957 252.0613 105.7466 14.00153936786866
1 34648U 97051JZ  24266.54256985  .00012075  00000-0  67405-2 0  9990
2 34648  86.4044 100.4081 0210957 252.0613 105.7466 14.00153936787452
1 34648U 97051JZ  24265.54205124  .00012581  00000-0  70267-2 0  9990
2 34648  86.4041 100.8018 0210893 255.1898 102.5832 14.00131395787313
1 34648U 97051JZ  24264.54151694  .00013378  00000-0  74746-2 0  9992
2 34648  86.4035 101.1967 0210953 258.2740  99.4702 14.00107513787179
1 34648U 97051JZ  24264.54151694  .00013378  00000-0  74746-2 0  9992
2 34648  86.4035 101.1967 0210953 258.2740  99.4702 14.00107513786583
1 34648U 97051JZ  24263.82683995  .00017907  00000-0  10003-1 0  9993
2 34648  86.4033 101.4793 0211034 260.5000  97.2271 14.00092606786489
1 34648U 97051JZ  24263.54096716  .00014288  00000-0  79864-2 0  9991
2 34648  86.4023 101.5922 0210986 261.3783  96.3441 14.00080168786440
1 34648U 97051JZ  24263.54096716  .00014288  00000-0  79864-2 0  9991
2 34648  86.4023 101.5922 0210986 261.3783  96.3441 14.00080168787036
1 34648U 97051JZ  24261.96863675  .00023702  00000-0  13243-1 0  9990
2 34648  86.4031 102.2127 0211169 266.2843  91.4166 14.00040298786225
1 34648U 97051JZ  24261.96863675  .00023702  00000-0  13243-1 0  9990
2 34648  86.4031 102.2127 0211169 266.2843  91.4166 14.00040298786810
1 34648U 97051JZ  24260.96803433  .00018863  00000-0  10550-1 0  9995
2 34648  86.4048 102.6081 0211425 269.3828  88.3120 13.99989485786084
1 34648U 97051JZ  24260.53919464  .00016828  00000-0  94144-2 0  9991
2 34648  86.4047 102.7777 0211541 270.7183  86.9761 13.99973600786026
1 34648U 97051JZ  24260.53919464  .00016828  00000-0  94144-2 0  9991
2 34648  86.4047 102.7777 0211541 270.7183  86.9761 13.99973600786611
1 34648U 97051JZ  24259.53855285  .00019751  00000-0  11052-1 0  9993
2 34648  86.4048 103.1726 0211591 273.8267  83.8743 13.99944794786475
1 34648U 97051JZ  24258.53788934  .00029577  00000-0  16533-1 0  9994
2 34648  86.4061 103.5666 0211851 276.9083  80.8037 13.99918684785747
1 34648U 97051JZ  24258.53788934  .00029577  00000-0  16533-1 0  9994
2 34648  86.4061 103.5666 0211851 276.9083  80.8037 13.99918684786333
1 34648U 97051JZ  24257.53720263  .00031671  00000-0  17707-1 0  9996
2 34648  86.4062 103.9631 0212101 280.0869  77.6440 13.99872545786198
1 34648U 97051JZ  24256.32203446  .00016612  00000-0  93219-2 0  9992
2 34648  86.4056 104.4400 0211964 283.8440  73.9235 13.99776212785434
1 34648U 97051JZ  24256.03609782  .00017611  00000-0  98690-2 0  9991
2 34648  86.4046 104.5556 0212736 284.6872  73.0811 13.99767459785986
1 34648U 97051JZ  24255.53571312  .00014547  00000-0  81605-2 0  9995
2 34648  86.4062 104.7520 0212541 286.2963  71.4932 13.99744931785324
1 34648U 97051JZ  24255.53571312  .00014547  00000-0  81605-2 0  9995
2 34648  86.4062 104.7520 0212541 286.2963  71.4932 13.99744931785919
1 34648U 97051JZ  24254.32045700  .00019988  00000-0  11215-1 0  9991
2 34648  86.4061 105.2306 0212551 290.0844  67.7571 13.99710086785155
1 34648U 97051JZ  24254.32045700  .00019988  00000-0  11215-1 0  9991
2 34648  86.4061 105.2306 0212551 290.0844  67.7571 13.99710086785740
1 34648U 97051JZ  24253.03367767  .00017960  00000-0  10086-1 0  9991
2 34648  86.4049 105.7376 0212731 294.0646  63.8402 13.99657731784973
1 34648U 97051JZ  24253.03367767  .00017960  00000-0  10086-1 0  9991
2 34648  86.4049 105.7376 0212731 294.0646  63.8402 13.99657731785569
1 34648U 97051JZ  24252.89069917  .00017800  00000-0  99963-2 0  9995
2 34648  86.4053 105.7954 0212779 294.4900  63.4220 13.99652038784956
1 34648U 97051JZ  24252.31878073  .00019125  00000-0  10743-1 0  9993
2 34648  86.4054 106.0205 0212798 296.2818  61.6633 13.99633568784875
1 34648U 97051JZ  24252.03281923  .00019920  00000-0  11194-1 0  9998
2 34648  86.4052 106.1322 0212638 297.1956  60.7688 13.99624461785424
1 34648U 97051JZ  24251.03193598  .00017010  00000-0  95667-2 0  9993
2 34648  86.4054 106.5275 0212727 300.2988  57.7291 13.99586078784692
1 34648U 97051JZ  24251.03193598  .00017010  00000-0  95667-2 0  9993
2 34648  86.4054 106.5275 0212727 300.2988  57.7291 13.99586078785288
1 34648U 97051JZ  24250.03102876  .00017562  00000-0  98805-2 0  9990
2 34648  86.4058 106.9229 0212843 303.3988  54.6984 13.99552561784552
1 34648U 97051JZ  24249.88804018  .00017677  00000-0  99463-2 0  9996
2 34648  86.4060 106.9793 0212843 303.8464  54.2615 13.99547259785124
1 34648U 97051JZ  24249.60206177  .00016973  00000-0  95512-2 0  9997
2 34648  86.4049 107.0909 0212928 304.7296  53.3988 13.99535411784498
1 34648U 97051JZ  24248.60112106  .00020473  00000-0  11520-1 0  9990
2 34648  86.4044 107.4854 0213161 307.8284  50.3764 13.99503139784948
1 34648U 97051JZ  24248.60112106  .00020473  00000-0  11520-1 0  9990
2 34648  86.4044 107.4854 0213161 307.8284  50.3764 13.99503139784353
1 34648U 97051JZ  24247.02816527  .00014606  00000-0  82229-2 0  9999
2 34648  86.4095 108.1069 0213684 312.6913  45.6434 13.99450380784134
1 34648U 97051JZ  24246.59916839  .00013180  00000-0  74238-2 0  9994
2 34648  86.4116 108.2764 0213585 314.0501  44.3253 13.99437331784664
1 34648U 97051JZ  24246.59916839  .00013180  00000-0  74238-2 0  9994
2 34648  86.4116 108.2764 0213585 314.0501  44.3253 13.99437331784079
1 34648U 97051JZ  24245.88416604  .00014790  00000-0  83288-2 0  9993
2 34648  86.4070 108.5572 0213854 316.2216  42.2173 13.99418473783976
1 34648U 97051JZ  24245.59816190  .00015805  00000-0  89003-2 0  9994
2 34648  86.4064 108.6697 0213883 317.0772  41.3880 13.99411278783933
1 34648U 97051JZ  24245.38365793  .00015871  00000-0  89371-2 0  9990
2 34648  86.4064 108.7542 0213967 317.7270  40.7579 13.99404723784493
1 34648U 97051JZ  24244.38262591  .00036222  00000-0  20348-1 0  9992
2 34648  86.4066 109.1480 0214174 320.8255  37.7580 13.99399496783767
1 34648U 97051JZ  24244.38262591  .00036222  00000-0  20348-1 0  9992
2 34648  86.4066 109.1480 0214174 320.8255  37.7580 13.99399496784353
1 34648U 97051JZ  24242.38050443  .00014879  00000-0  83823-2 0  9993
2 34648  86.4067 109.9371 0214675 327.0109  31.7821 13.99315902783489
1 34648U 97051JZ  24242.38050443  .00014879  00000-0  83823-2 0  9993
2 34648  86.4067 109.9371 0214675 327.0109  31.7821 13.99315902784075
1 34648U 97051JZ  24240.37830262  .00009849  00000-0  55515-2 0  9993
2 34648  86.4065 110.7257 0215082 333.2214  25.7982 13.99255607783205
1 34648U 97051JZ  24240.37830262  .00009849  00000-0  55515-2 0  9993
2 34648  86.4065 110.7257 0215082 333.2214  25.7982 13.99255607783799
1 34648U 97051JZ  24239.94924935  .00011276  00000-0  63561-2 0  9992
2 34648  86.4064 110.8947 0215141 334.5575  24.5128 13.99248882783140
1 34648U 97051JZ  24239.37717460  .00009566  00000-0  53924-2 0  9993
2 34648  86.4065 111.1200 0215244 336.3355  22.8031 13.99235564783065
1 34648U 97051JZ  24239.37717460  .00009566  00000-0  53924-2 0  9993
2 34648  86.4065 111.1200 0215244 336.3355  22.8031 13.99235564783650
1 34648U 97051JZ  24238.37603286  .00011347  00000-0  63965-2 0  9998
2 34648  86.4065 111.5142 0215429 339.4383  19.8217 13.99216925782920
1 34648U 97051JZ  24238.08998990  .00011798  00000-0  66510-2 0  9994
2 34648  86.4063 111.6267 0215476 340.3244  18.9707 13.99211224783478
1 34648U 97051JZ  24237.66092311  .00012005  00000-0  67678-2 0  9997
2 34648  86.4066 111.7961 0215542 341.6482  17.6999 13.99201440782821
1 34648U 97051JZ  24237.37487695  .00011486  00000-0  64755-2 0  9993
2 34648  86.4061 111.9081 0215626 342.5380  16.8458 13.99194134782788
1 34648U 97051JZ  24237.08882941  .00011185  00000-0  63053-2 0  9990
2 34648  86.4059 112.0206 0215708 343.4084  16.0105 13.99187824783339
1 34648U 97051JZ  24236.08765279  .00014702  00000-0  82882-2 0  9992
2 34648  86.4060 112.4151 0215846 346.4996  13.0458 13.99168711782603
1 34648U 97051JZ  24236.08765279  .00014702  00000-0  82882-2 0  9992
2 34648  86.4060 112.4151 0215846 346.4996  13.0458 13.99168711783198
1 34648U 97051JZ  24235.65857269  .00014286  00000-0  80545-2 0  9996
2 34648  86.4066 112.5842 0215929 347.8357  11.7649 13.99156962782540
1 34648U 97051JZ  24235.08646020  .00015955  00000-0  89950-2 0  9997
2 34648  86.4066 112.8102 0216025 349.5759  10.0972 13.99143868782468
1 34648U 97051JZ  24235.08646020  .00015955  00000-0  89950-2 0  9997
2 34648  86.4066 112.8102 0216025 349.5759  10.0972 13.99143868783054
1 34648U 97051JZ  24234.08524874  .00016874  00000-0  95142-2 0  9999
2 34648  86.4060 113.2036 0216243 352.6411   7.1604 13.99114894782326
1 34648U 97051JZ  24234.08524874  .00016874  00000-0  95142-2 0  9999
2 34648  86.4060 113.2036 0216243 352.6411   7.1604 13.99114894782911
1 34648U 97051JZ  24233.08401687  .00016916  00000-0  95401-2 0  9999
2 34648  86.4068 113.5982 0216454 355.7278   4.2042 13.99080508782188
1 34648U 97051JZ  24232.65490925  .00016587  00000-0  93571-2 0  9994
2 34648  86.4075 113.7671 0216451 357.0455   2.9425 13.99066875782712
1 34648U 97051JZ  24232.08275969  .00021122  00000-0  11912-1 0  9999
2 34648  86.4072 113.9919 0216586 358.7969   1.2656 13.99049003782041
1 34648U 97051JZ  24231.65364273  .00020614  00000-0  11628-1 0  9997
2 34648  86.4071 114.1611 0216721   0.1071   0.0113 13.99028981781984
1 34648U 97051JZ  24231.43908136  .00024894  00000-0  14037-1 0  9996
2 34648  86.4075 114.2452 0216749   0.7279 359.4169 13.99022073782549
1 34648U 97051JZ  24230.65234568  .00023637  00000-0  13335-1 0  9994
2 34648  86.4080 114.5550 0216916   3.1939 357.0562 13.98986623781845
1 34648U 97051JZ  24230.15168518  .00019738  00000-0  11142-1 0  9991
2 34648  86.4076 114.7513 0217053   4.6864 355.6274 13.98961658781774
1 34648U 97051JZ  24230.15168518  .00019738  00000-0  11142-1 0  9991
2 34648  86.4076 114.7513 0217053   4.6864 355.6274 13.98961658782360
1 34648U 97051JZ  24228.43507291  .00022071  00000-0  12461-1 0  9993
2 34648  86.4068 115.4277 0217652   9.8359 350.6973 13.98883628781536
1 34648U 97051JZ  24228.00590521  .00021580  00000-0  12187-1 0  9993
2 34648  86.4062 115.5961 0217759  11.1383 349.4500 13.98862616782067
1 34648U 97051JZ  24227.14755024  .00036329  00000-0  20487-1 0  9997
2 34648  86.4067 115.9340 0217979  13.7590 346.9397 13.98830371781359
1 34648U 97051JZ  24227.14755024  .00036329  00000-0  20487-1 0  9997
2 34648  86.4067 115.9340 0217979  13.7590 346.9397 13.98830371781944
1 34648U 97051JZ  24225.64535377  .00070829  00000-0  39817-1 0  9997
2 34648  86.4073 116.5261 0218525  18.4022 342.4901 13.98714730781144
1 34648U 97051JZ  24225.64535377  .00070829  00000-0  39817-1 0  9997
2 34648  86.4073 116.5261 0218525  18.4022 342.4901 13.98714730781739
1 34648U 97051JZ  24225.14458661  .00031333  00000-0  17718-1 0  9995
2 34648  86.4070 116.7227 0218818  19.9339 341.0220 13.98636433781071
1 34648U 97051JZ  24225.14458661  .00031333  00000-0  17718-1 0  9995
2 34648  86.4070 116.7227 0218818  19.9339 341.0220 13.98636433781666
1 34648U 97051JZ  24224.64380081  .00036929  00000-0  20878-1 0  9996
2 34648  86.4069 116.9195 0218954  21.4848 339.5342 13.98599972781005
1 34648U 97051JZ  24224.42917321  .00030742  00000-0  17397-1 0  9994
2 34648  86.4072 117.0043 0219025  22.1470 338.8989 13.98580064781564
1 34648U 97051JZ  24223.71373134  .00026027  00000-0  14744-1 0  9997
2 34648  86.4072 117.2858 0219289  24.3727 336.7630 13.98528200780878
1 34648U 97051JZ  24223.71373134  .00026027  00000-0  14744-1 0  9997
2 34648  86.4072 117.2858 0219289  24.3727 336.7630 13.98528200781464
1 34648U 97051JZ  24223.14135895  .00022869  00000-0  12963-1 0  9995
2 34648  86.4073 117.5103 0219505  26.1162 335.0890 13.98492240780794
1 34648U 97051JZ  24223.14135895  .00022869  00000-0  12963-1 0  9995
2 34648  86.4073 117.5103 0219505  26.1162 335.0890 13.98492240781380
1 34648U 97051JZ  24222.13967366  .00021421  00000-0  12151-1 0  9991
2 34648  86.4074 117.9045 0219756  29.1732 332.1511 13.98436709780659
1 34648U 97051JZ  24221.71036812  .00022708  00000-0  12883-1 0  9998
2 34648  86.4078 118.0736 0219815  30.4466 330.9261 13.98415704781186
1 34648U 97051JZ  24221.13794990  .00021264  00000-0  12068-1 0  9993
2 34648  86.4080 118.2984 0219971  32.1871 329.2514 13.98389382780518
1 34648U 97051JZ  24220.70862899  .00017615  00000-0  10003-1 0  9991
2 34648  86.4074 118.4673 0220036  33.4752 328.0110 13.98369914780455
1 34648U 97051JZ  24220.13619220  .00016892  00000-0  95940-2 0  9996
2 34648  86.4073 118.6922 0220174  35.2085 326.3411 13.98348114780965
1 34648U 97051JZ  24219.70685908  .00015907  00000-0  90365-2 0  9995
2 34648  86.4080 118.8611 0220270  36.5413 325.0562 13.98332610780312
1 34648U 97051JZ  24218.99129304  .00018094  00000-0  10278-1 0  9992
2 34648  86.4077 119.1427 0220474  38.6871 322.9864 13.98308563780214
1 34648U 97051JZ  24218.99129304  .00018094  00000-0  10278-1 0  9992
2 34648  86.4077 119.1427 0220474  38.6871 322.9864 13.98308563780809
1 34648U 97051JZ  24217.70323893  .00023173  00000-0  13170-1 0  9997
2 34648  86.4079 119.6487 0220491  42.5214 319.2803 13.98255621780039
1 34648U 97051JZ  24217.70323893  .00023173  00000-0  13170-1 0  9997
2 34648  86.4079 119.6487 0220491  42.5214 319.2803 13.98255621780624
1 34648U 97051JZ  24217.48855788  .00022896  00000-0  13015-1 0  9994
2 34648  86.4078 119.7331 0220517  43.1642 318.6584 13.98245687780005
1 34648U 97051JZ  24216.70138102  .00017425  00000-0  99141-2 0  9999
2 34648  86.4083 120.0429 0220628  45.5258 316.3723 13.98209445779893
1 34648U 97051JZ  24216.70138102  .00017425  00000-0  99141-2 0  9999
2 34648  86.4083 120.0429 0220628  45.5258 316.3723 13.98209445780480
1 34648U 97051JZ  24216.48669302  .00017167  00000-0  97693-2 0  9998
2 34648  86.4081 120.1269 0220627  46.1841 315.7343 13.98201377779862
1 34648U 97051JZ  24215.69949339  .00017148  00000-0  97626-2 0  9996
2 34648  86.4080 120.4362 0220677  48.5334 313.4558 13.98173928779757
1 34648U 97051JZ  24215.69949339  .00017148  00000-0  97626-2 0  9996
2 34648  86.4080 120.4362 0220677  48.5334 313.4558 13.98173928780344
1 34648U 97051JZ  24214.69757962  .00019490  00000-0  11100-1 0  9998
2 34648  86.4079 120.8296 0220749  51.5412 310.5345 13.98138991780201
1 34648U 97051JZ  24214.69757962  .00019490  00000-0  11100-1 0  9998
2 34648  86.4079 120.8296 0220749  51.5412 310.5345 13.98138991779614
1 34648U 97051JZ  24214.48288025  .00019440  00000-0  11073-1 0  9998
2 34648  86.4078 120.9140 0220761  52.1891 309.9044 13.98130529779587
1 34648U 97051JZ  24213.76720634  .00016708  00000-0  95226-2 0  9992
2 34648  86.4075 121.1952 0220824  54.3386 307.8129 13.98102399780072
1 34648U 97051JZ  24213.76720634  .00016708  00000-0  95226-2 0  9992
2 34648  86.4075 121.1952 0220824  54.3386 307.8129 13.98102399779485
1 34648U 97051JZ  24213.48093255  .00016163  00000-0  92133-2 0  9992
2 34648  86.4075 121.3076 0220864  55.2041 306.9700 13.98092345779446
1 34648U 97051JZ  24213.05151823  .00019326  00000-0  11015-1 0  9994
2 34648  86.4071 121.4761 0220919  56.5033 305.7039 13.98082011779979
1 34648U 97051JZ  24212.69366974  .00022457  00000-0  12798-1 0  9996
2 34648  86.4072 121.6167 0220936  57.5822 304.6515 13.98074084779336
1 34648U 97051JZ  24212.47895921  .00020445  00000-0  11655-1 0  9997
2 34648  86.4071 121.7011 0220955  58.2293 304.0200 13.98064554779308
1 34648U 97051JZ  24211.76324852  .00014693  00000-0  83820-2 0  9990
2 34648  86.4069 121.9822 0221021  60.3860 301.9135 13.98039014779201
1 34648U 97051JZ  24211.76324852  .00014693  00000-0  83820-2 0  9990
2 34648  86.4069 121.9822 0221021  60.3860 301.9135 13.98039014779795
1 34648U 97051JZ  24211.47696108  .00013915  00000-0  79392-2 0  9999
2 34648  86.4069 122.0946 0221051  61.2492 301.0695 13.98030379779166
1 34648U 97051JZ  24210.76123540  .00012262  00000-0  69973-2 0  9993
2 34648  86.4064 122.3748 0221177  63.4107 298.9547 13.98009975779067
1 34648U 97051JZ  24210.76123540  .00012262  00000-0  69973-2 0  9993
2 34648  86.4064 122.3748 0221177  63.4107 298.9547 13.98009975779652
1 34648U 97051JZ  24208.75714801  .00016130  00000-0  92150-2 0  9996
2 34648  86.4070 123.1633 0221077  69.4473 293.0271 13.97955949778785
1 34648U 97051JZ  24208.75714801  .00016130  00000-0  92150-2 0  9996
2 34648  86.4070 123.1633 0221077  69.4473 293.0271 13.97955949779371
1 34648U 97051JZ  24208.18453519  .00016492  00000-0  94254-2 0  9997
2 34648  86.4072 123.3883 0221028  71.1688 291.3318 13.97938449778701
1 34648U 97051JZ  24207.75507028  .00015420  00000-0  88166-2 0  9999
2 34648  86.4068 123.5568 0220982  72.4712 290.0477 13.97924628778647
1 34648U 97051JZ  24207.75507028  .00015420  00000-0  88166-2 0  9999
2 34648  86.4068 123.5568 0220982  72.4712 290.0477 13.97924628779233
1 34648U 97051JZ  24207.25402224  .00015277  00000-0  87385-2 0  9998
2 34648  86.4070 123.7537 0220908  73.9734 288.5648 13.97910688778571
1 34648U 97051JZ  24206.75296916  .00018376  00000-0  10513-1 0  9992
2 34648  86.4078 123.9508 0220812  75.4666 287.0890 13.97899666778502
1 34648U 97051JZ  24206.75296916  .00018376  00000-0  10513-1 0  9992
2 34648  86.4078 123.9508 0220812  75.4666 287.0890 13.97899666779097
1 34648U 97051JZ  24206.18033037  .00017778  00000-0  10177-1 0  9993
2 34648  86.4078 124.1758 0220715  77.1814 285.3922 13.97881904778422
1 34648U 97051JZ  24205.53610394  .00018906  00000-0  10826-1 0  9993
2 34648  86.4079 124.4286 0220718  79.1329 283.4599 13.97860254778927
1 34648U 97051JZ  24204.74870079  .00022107  00000-0  12665-1 0  9994
2 34648  86.4083 124.7382 0220584  81.4900 281.1205 13.97834279778224
1 34648U 97051JZ  24204.24761719  .00019959  00000-0  11442-1 0  9992
2 34648  86.4083 124.9350 0220555  83.0060 279.6144 13.97812490778151
1 34648U 97051JZ  24204.24761719  .00019959  00000-0  11442-1 0  9992
2 34648  86.4083 124.9350 0220555  83.0060 279.6144 13.97812490778746
1 34648U 97051JZ  24203.10225566  .00019448  00000-0  11165-1 0  9996
2 34648  86.4086 125.3851 0220285  86.4308 276.2031 13.97766952777997
1 34648U 97051JZ  24202.52956090  .00018493  00000-0  10620-1 0  9998
2 34648  86.4080 125.6095 0220388  88.1628 274.4772 13.97744364778505
1 34648U 97051JZ  24201.24096258  .00018367  00000-0  10561-1 0  9991
2 34648  86.4079 126.1150 0220223  92.0328 270.6081 13.97695782777734
1 34648U 97051JZ  24200.52505421  .00019090  00000-0  10982-1 0  9999
2 34648  86.4077 126.3959 0220186  94.1902 268.4469 13.97669880778220
1 34648U 97051JZ  24199.52275844  .00019242  00000-0  11079-1 0  9996
2 34648  86.4074 126.7893 0220098  97.2114 265.4138 13.97634080778087
1 34648U 97051JZ  24199.52275844  .00019242  00000-0  11079-1 0  9996
2 34648  86.4074 126.7893 0220098  97.2114 265.4138 13.97634080777491
1 34648U 97051JZ  24198.80681613  .00015163  00000-0  87382-2 0  9990
2 34648  86.4074 127.0706 0220066  99.3781 263.2347 13.97604595777986
1 34648U 97051JZ  24198.80681613  .00015163  00000-0  87382-2 0  9990
2 34648  86.4074 127.0706 0220066  99.3781 263.2347 13.97604595777391
1 34648U 97051JZ  24198.23405231  .00014878  00000-0  85781-2 0  9990
2 34648  86.4074 127.2953 0219992 101.1079 261.4918 13.97585601777317
1 34648U 97051JZ  24198.09086025  .00012313  00000-0  71019-2 0  9991
2 34648  86.4072 127.3513 0219928 101.5344 261.0612 13.97577683777886
1 34648U 97051JZ  24197.80447381  .00013623  00000-0  78587-2 0  9997
2 34648  86.4072 127.4640 0219882 102.4052 260.1826 13.97571527777252
1 34648U 97051JZ  24197.23169556  .00013452  00000-0  77643-2 0  9991
2 34648  86.4073 127.6889 0219749 104.1391 258.4309 13.97556291777175
1 34648U 97051JZ  24197.08849970  .00013546  00000-0  78191-2 0  9992
2 34648  86.4071 127.7451 0219758 104.5767 257.9890 13.97553069777742
1 34648U 97051JZ  24196.80210734  .00012470  00000-0  72003-2 0  9992
2 34648  86.4071 127.8574 0219671 105.4413 257.1142 13.97544430777116
1 34648U 97051JZ  24196.22931720  .00011063  00000-0  63911-2 0  9998
2 34648  86.4070 128.0820 0219537 107.1800 255.3538 13.97529365777032
1 34648U 97051JZ  24196.08611860  .00012406  00000-0  71680-2 0  9996
2 34648  86.4071 128.1383 0219503 107.6161 254.9119 13.97528270777603
1 34648U 97051JZ  24195.79972069  .00010330  00000-0  59702-2 0  9999
2 34648  86.4070 128.2510 0219412 108.4862 254.0295 13.97519269776974
1 34648U 97051JZ  24195.08371880  .00009800  00000-0  56672-2 0  9998
2 34648  86.4067 128.5319 0219196 110.6661 251.8166 13.97504817777461
1 34648U 97051JZ  24194.79731588  .00009513  00000-0  55027-2 0  9994
2 34648  86.4069 128.6445 0219125 111.5336 250.9352 13.97499364776832
1 34648U 97051JZ  24194.08130317  .00008372  00000-0  48458-2 0  9991
2 34648  86.4075 128.9255 0218825 113.7255 248.7044 13.97484682776730
1 34648U 97051JZ  24194.08130317  .00008372  00000-0  48458-2 0  9991
2 34648  86.4075 128.9255 0218825 113.7255 248.7044 13.97484682777326
1 34648U 97051JZ  24192.79246216  .00006940  00000-0  40200-2 0  9999
2 34648  86.4080 129.4314 0218447 117.6571 244.6963 13.97462616776550
1 34648U 97051JZ  24192.79246216  .00006940  00000-0  40200-2 0  9999
2 34648  86.4080 129.4314 0218447 117.6571 244.6963 13.97462616777146
1 34648U 97051JZ  24192.57765331  .00006876  00000-0  39835-2 0  9999
2 34648  86.4077 129.5156 0218441 118.3121 244.0282 13.97459333776521
1 34648U 97051JZ  24191.79001570  .00006517  00000-0  37775-2 0  9993
2 34648  86.4079 129.8247 0218243 120.7161 241.5715 13.97447861776412
1 34648U 97051JZ  24191.79001570  .00006517  00000-0  37775-2 0  9993
2 34648  86.4079 129.8247 0218243 120.7161 241.5715 13.97447861777008
1 34648U 97051JZ  24191.07397542  .00006824  00000-0  39579-2 0  9996
2 34648  86.4084 130.1059 0218000 122.9068 239.3288 13.97438389776319
1 34648U 97051JZ  24190.57274396  .00006348  00000-0  36831-2 0  9990
2 34648  86.4086 130.3026 0217862 124.4373 237.7605 13.97430659776247
1 34648U 97051JZ  24190.28632441  .00006077  00000-0  35262-2 0  9993
2 34648  86.4088 130.4153 0217791 125.3178 236.8577 13.97426683776795
1 34648U 97051JZ  24189.28384985  .00005632  00000-0  32698-2 0  9994
2 34648  86.4090 130.8087 0217494 128.3845 233.7090 13.97412764776063
1 34648U 97051JZ  24189.28384985  .00005632  00000-0  32698-2 0  9994
2 34648  86.4090 130.8087 0217494 128.3845 233.7090 13.97412764776658
1 34648U 97051JZ  24188.78260871  .00005558  00000-0  32282-2 0  9991
2 34648  86.4090 131.0054 0217340 129.9227 232.1275 13.97405697775997
1 34648U 97051JZ  24188.56779018  .00005677  00000-0  32976-2 0  9997
2 34648  86.4089 131.0899 0217325 130.5811 231.4505 13.97403032775968
1 34648U 97051JZ  24188.28136483  .00006309  00000-0  36667-2 0  9993
2 34648  86.4089 131.2022 0217254 131.4564 230.5499 13.97400398776510
1 34648U 97051JZ  24187.27886932  .00006233  00000-0  36245-2 0  9990
2 34648  86.4085 131.5955 0217059 134.5220 227.3921 13.97386427775788
1 34648U 97051JZ  24187.13565488  .00006248  00000-0  36340-2 0  9997
2 34648  86.4087 131.6516 0216947 134.9659 226.9337 13.97384190776354
1 34648U 97051JZ  24186.84922480  .00006367  00000-0  37043-2 0  9996
2 34648  86.4086 131.7638 0216912 135.8401 226.0323 13.97381029775720
1 34648U 97051JZ  24186.27636261  .00005745  00000-0  33428-2 0  9994
2 34648  86.4085 131.9885 0216749 137.6000 224.2156 13.97372308775643
1 34648U 97051JZ  24186.13314655  .00005785  00000-0  33669-2 0  9990
2 34648  86.4084 132.0446 0216702 138.0401 223.7609 13.97370371776215
1 34648U 97051JZ  24185.63188847  .00005803  00000-0  33782-2 0  9993
2 34648  86.4085 132.2412 0216604 139.5768 222.1732 13.97364084775554
1 34648U 97051JZ  24184.84419170  .00006218  00000-0  36233-2 0  9996
2 34648  86.4080 132.5500 0216304 142.0170 219.6488 13.97355232776031
1 34648U 97051JZ  24184.12809862  .00006478  00000-0  37770-2 0  9993
2 34648  86.4080 132.8310 0216105 144.2321 217.3553 13.97346514775348
1 34648U 97051JZ  24183.84165951  .00006469  00000-0  37727-2 0  9997
2 34648  86.4076 132.9430 0216019 145.1406 216.4140 13.97343070775891
1 34648U 97051JZ  24182.83911788  .00006804  00000-0  39719-2 0  9998
2 34648  86.4076 133.3364 0215675 148.2609 213.1782 13.97330557775160
1 34648U 97051JZ  24182.83911788  .00006804  00000-0  39719-2 0  9998
2 34648  86.4076 133.3364 0215675 148.2609 213.1782 13.97330557775755
1 34648U 97051JZ  24181.83656632  .00006963  00000-0  40682-2 0  9998
2 34648  86.4079 133.7298 0215364 151.3777 209.9425 13.97316971775025
1 34648U 97051JZ  24181.83656632  .00006963  00000-0  40682-2 0  9998
2 34648  86.4079 133.7298 0215364 151.3777 209.9425 13.97316971775610
1 34648U 97051JZ  24179.61659313  .00004807  00000-0  28103-2 0  9999
2 34648  86.4082 134.6006 0214815 158.2548 202.7921 13.97286007774711
1 34648U 97051JZ  24179.61659313  .00004807  00000-0  28103-2 0  9999
2 34648  86.4082 134.6006 0214815 158.2548 202.7921 13.97286007775307
1 34648U 97051JZ  24176.89527670  .00003524  00000-0  20611-2 0  9997
2 34648  86.4094 135.6684 0214210 166.6944 194.0008 13.97259487774923
1 34648U 97051JZ  24176.89527670  .00003524  00000-0  20611-2 0  9997
2 34648  86.4094 135.6684 0214210 166.6944 194.0008 13.97259487774338
1 34648U 97051JZ  24175.89267346  .00003656  00000-0  21404-2 0  9994
2 34648  86.4096 136.0617 0213945 169.8293 190.7319 13.97252864774191
1 34648U 97051JZ  24175.89267346  .00003656  00000-0  21404-2 0  9994
2 34648  86.4096 136.0617 0213945 169.8293 190.7319 13.97252864774786
1 34648U 97051JZ  24175.31975528  .00003542  00000-0  20738-2 0  9992
2 34648  86.4097 136.2864 0213823 171.6155 188.8689 13.97248348774113
1 34648U 97051JZ  24174.89006490  .00003693  00000-0  21632-2 0  9998
2 34648  86.4098 136.4548 0213721 172.9809 187.4447 13.97245893774649
1 34648U 97051JZ  24174.31714332  .00003603  00000-0  21108-2 0  9995
2 34648  86.4099 136.6794 0213611 174.7743 185.5737 13.97241722773973
1 34648U 97051JZ  24173.88745147  .00003555  00000-0  20830-2 0  9991
2 34648  86.4098 136.8479 0213508 176.1129 184.1771 13.97238309774503
1 34648U 97051JZ  24172.88483239  .00003357  00000-0  19673-2 0  9994
2 34648  86.4097 137.2410 0213325 179.2427 180.9116 13.97231454773773
1 34648U 97051JZ  24172.88483239  .00003357  00000-0  19673-2 0  9994
2 34648  86.4097 137.2410 0213325 179.2427 180.9116 13.97231454774369
1 34648U 97051JZ  24171.88220841  .00003010  00000-0  17636-2 0  9994
2 34648  86.4099 137.6340 0213187 182.3889 177.6290 13.97224387774228
1 34648U 97051JZ  24171.30927852  .00003137  00000-0  18393-2 0  9998
2 34648  86.4100 137.8586 0213079 184.1880 175.7522 13.97221115773554
1 34648U 97051JZ  24170.87958014  .00003264  00000-0  19144-2 0  9999
2 34648  86.4099 138.0271 0212987 185.5333 174.3490 13.97218882773499
1 34648U 97051JZ  24170.87958014  .00003264  00000-0  19144-2 0  9999
2 34648  86.4099 138.0271 0212987 185.5333 174.3490 13.97218882774085
1 34648U 97051JZ  24169.87694778  .00003426  00000-0  20109-2 0  9994
2 34648  86.4101 138.4202 0212808 188.6749 171.0728 13.97212990773940
1 34648U 97051JZ  24169.87694778  .00003426  00000-0  20109-2 0  9994
2 34648  86.4101 138.4202 0212808 188.6749 171.0728 13.97212990773355
1 34648U 97051JZ  24168.87431109  .00003625  00000-0  21297-2 0  9990
2 34648  86.4104 138.8135 0212624 191.8279 167.7861 13.97206886773219
1 34648U 97051JZ  24168.37299121  .00004048  00000-0  23798-2 0  9999
2 34648  86.4106 139.0098 0212542 193.3743 166.1748 13.97204635773143
1 34648U 97051JZ  24167.87167035  .00004089  00000-0  24042-2 0  9999
2 34648  86.4103 139.2067 0212479 194.9544 164.5288 13.97201021773072
1 34648U 97051JZ  24167.37034813  .00003677  00000-0  21613-2 0  9994
2 34648  86.4108 139.4039 0212462 196.5330 162.8847 13.97196471773008
1 34648U 97051JZ  24166.36770090  .00003561  00000-0  20936-2 0  9995
2 34648  86.4117 139.7973 0212310 199.6678 159.6221 13.97188789772865
1 34648U 97051JZ  24165.65152163  .00003671  00000-0  21597-2 0  9997
2 34648  86.4114 140.0778 0212185 201.8947 157.3062 13.97183260772761
1 34648U 97051JZ  24165.22181294  .00003957  00000-0  23289-2 0  9994
2 34648  86.4120 140.2463 0212155 203.2724 155.8739 13.97180382772707
1 34648U 97051JZ  24165.22181294  .00003957  00000-0  23289-2 0  9994
2 34648  86.4120 140.2463 0212155 203.2724 155.8739 13.97180382773292
1 34648U 97051JZ  24164.21915549  .00004627  00000-0  27258-2 0  9995
2 34648  86.4119 140.6393 0212022 206.3893 152.6362 13.97172830772565
1 34648U 97051JZ  24164.21915549  .00004627  00000-0  27258-2 0  9995
2 34648  86.4119 140.6393 0212022 206.3893 152.6362 13.97172830773151
1 34648U 97051JZ  24163.21649273  .00005413  00000-0  31911-2 0  9997
2 34648  86.4108 141.0321 0211958 209.5218 149.3856 13.97164705772420
1 34648U 97051JZ  24163.21649273  .00005413  00000-0  31911-2 0  9997
2 34648  86.4108 141.0321 0211958 209.5218 149.3856 13.97164705773016
1 34648U 97051JZ  24161.42600766  .00005368  00000-0  31656-2 0  9997
2 34648  86.4116 141.7338 0211962 215.1541 143.5497 13.97146842772172
1 34648U 97051JZ  24160.92466787  .00005647  00000-0  33313-2 0  9996
2 34648  86.4120 141.9303 0211944 216.7655 141.8827 13.97142298772690
1 34648U 97051JZ  24160.92466787  .00005647  00000-0  33313-2 0  9996
2 34648  86.4120 141.9303 0211944 216.7655 141.8827 13.97142298772106
1 34648U 97051JZ  24159.92198417  .00006151  00000-0  36299-2 0  9993
2 34648  86.4113 142.3230 0211920 219.8870 138.6570 13.97133118772558
1 34648U 97051JZ  24159.92198417  .00006151  00000-0  36299-2 0  9993
2 34648  86.4113 142.3230 0211920 219.8870 138.6570 13.97133118771962
1 34648U 97051JZ  24159.34901979  .00004808  00000-0  28365-2 0  9996
2 34648  86.4116 142.5475 0211904 221.6968 136.7890 13.97124398771884
1 34648U 97051JZ  24158.91929417  .00005131  00000-0  30278-2 0  9991
2 34648  86.4115 142.7161 0211903 223.0784 135.3641 13.97121159772419
1 34648U 97051JZ  24157.91659816  .00005188  00000-0  30622-2 0  9998
2 34648  86.4105 143.1089 0211874 226.2788 132.0674 13.97111086771684
1 34648U 97051JZ  24157.41524816  .00004969  00000-0  29331-2 0  9995
2 34648  86.4106 143.3053 0211835 227.8481 130.4531 13.97105402771614
1 34648U 97051JZ  24157.20038322  .00005053  00000-0  29831-2 0  9994
2 34648  86.4097 143.3891 0211795 228.5173 129.7654 13.97103471772177
1 34648U 97051JZ  24156.91389584  .00005711  00000-0  33726-2 0  9999
2 34648  86.4100 143.5020 0211835 229.4177 128.8396 13.97102343771547
1 34648U 97051JZ  24156.41254260  .00005874  00000-0  34693-2 0  9990
2 34648  86.4104 143.6986 0211798 230.9822 127.2331 13.97097841771475
1 34648U 97051JZ  24155.91118837  .00005235  00000-0  30923-2 0  9996
2 34648  86.4101 143.8948 0211744 232.5357 125.6395 13.97091361771400
1 34648U 97051JZ  24155.69632173  .00005132  00000-0  30315-2 0  9996
2 34648  86.4102 143.9789 0211711 233.1956 124.9632 13.97089021771968
1 34648U 97051JZ  24155.26658780  .00004686  00000-0  27678-2 0  9992
2 34648  86.4111 144.1473 0211676 234.5349 123.5910 13.97083791771313
1 34648U 97051JZ  24154.69360591  .00004271  00000-0  25214-2 0  9992
2 34648  86.4096 144.3688 0211812 236.2533 121.8303 13.97077606771822
1 34648U 97051JZ  24150.96919219  .00003650  00000-0  21550-2 0  9994
2 34648  86.4138 145.8336 0211868 248.0477 109.8062 13.97041932771308
1 34648U 97051JZ  24150.96919219  .00003650  00000-0  21551-2 0  9995
2 34648  86.4138 145.8336 0211868 248.0477 109.8061 13.97041930770719
1 34648U 97051JZ  24150.96919117  .00003922  00000-0  23164-2 0  9996
2 34648  86.4128 145.8318 0211899 248.0403 109.8133 13.97043024770717
1 34648U 97051JZ  24150.96919117  .00003922  00000-0  23164-2 0  9996
2 34648  86.4128 145.8318 0211899 248.0403 109.8133 13.97043024771303
1 34648U 97051JZ  24149.96645043  .00003369  00000-0  19887-2 0  9990
2 34648  86.4137 146.2261 0211890 251.1749 106.6340 13.97034551771168
1 34648U 97051JZ  24149.96645043  .00003369  00000-0  19887-2 0  9990
2 34648  86.4137 146.2261 0211890 251.1749 106.6340 13.97034551770572
1 34648U 97051JZ  24147.74608139  .00004067  00000-0  24031-2 0  9992
2 34648  86.4118 147.0940 0212030 258.0646  99.6689 13.97018242770265
1 34648U 97051JZ  24147.74608139  .00004067  00000-0  24031-2 0  9992
2 34648  86.4118 147.0940 0212030 258.0646  99.6689 13.97018242770850
1 34648U 97051JZ  24146.95820415  .00004745  00000-0  28052-2 0  9997
2 34648  86.4119 147.4026 0212048 260.5580  97.1571 13.97012183770158
1 34648U 97051JZ  24146.45682608  .00004637  00000-0  27416-2 0  9995
2 34648  86.4110 147.5973 0212008 262.0589  95.6479 13.97006469770085
1 34648U 97051JZ  24146.45682608  .00004637  00000-0  27416-2 0  9995
2 34648  86.4110 147.5973 0212008 262.0589  95.6479 13.97006469770670
1 34648U 97051JZ  24145.74056942  .00005804  00000-0  34352-2 0  9996
2 34648  86.4140 147.8806 0211792 264.3311  93.3681 13.96999578769981
1 34648U 97051JZ  24145.45406594  .00005780  00000-0  34193-2 0  9992
2 34648  86.4099 147.9909 0212086 265.2832  92.4096 13.96994413769943
1 34648U 97051JZ  24144.95268327  .00005476  00000-0  32387-2 0  9991
2 34648  86.4106 148.1876 0212260 266.8879  90.7992 13.96987156770461
1 34648U 97051JZ  24144.30804411  .00005156  00000-0  30497-2 0  9995
2 34648  86.4110 148.4402 0212223 268.8755  88.8101 13.96978891769787
1 34648U 97051JZ  24143.44852017  .00005497  00000-0  32526-2 0  9997
2 34648  86.4097 148.7764 0212209 271.5000  86.1877 13.96969375770255
1 34648U 97051JZ  24141.44294538  .00006855  00000-0  40595-2 0  9997
2 34648  86.4110 149.5632 0212195 277.7551  79.9579 13.96944587769386
1 34648U 97051JZ  24141.44294538  .00006855  00000-0  40595-2 0  9997
2 34648  86.4110 149.5632 0212195 277.7551  79.9579 13.96944587769971
1 34648U 97051JZ  24137.78983497  .00009331  00000-0  55355-2 0  9990
2 34648  86.4057 150.9921 0212130 289.1891  68.6435 13.96876956769465
1 34648U 97051JZ  24135.49759893  .00006768  00000-0  40142-2 0  9996
2 34648  86.4085 151.8915 0212471 296.3686  61.5813 13.96841250769145
1 34648U 97051JZ  24134.49473148  .00007356  00000-0  43638-2 0  9998
2 34648  86.4075 152.2848 0212552 299.4408  58.5704 13.96828572768416
1 34648U 97051JZ  24133.77839996  .00014646  00000-0  86952-2 0  9991
2 34648  86.4061 152.5640 0212342 301.7912  56.2735 13.96809649768310
1 34648U 97051JZ  24133.77839996  .00014646  00000-0  86952-2 0  9991
2 34648  86.4061 152.5640 0212342 301.7912  56.2735 13.96809649768905
1 34648U 97051JZ  24131.34276674  .00006233  00000-0  37011-2 0  9995
2 34648  86.4114 153.5201 0213060 309.2789  48.9654 13.96719131767971
1 34648U 97051JZ  24131.34276674  .00006233  00000-0  37011-2 0  9995
2 34648  86.4114 153.5201 0213060 309.2789  48.9654 13.96719131768567
1 34648U 97051JZ  24130.33981667  .00004920  00000-0  29202-2 0  9992
2 34648  86.4110 153.9128 0213120 312.3988  45.9320 13.96707155767837
1 34648U 97051JZ  24130.05325822  .00004430  00000-0  26288-2 0  9993
2 34648  86.4110 154.0249 0213140 313.2898  45.0666 13.96703788768388
1 34648U 97051JZ  24129.05030057  .00004166  00000-0  24715-2 0  9993
2 34648  86.4112 154.4175 0213249 316.3899  42.0588 13.96694575767659
1 34648U 97051JZ  24129.05030057  .00004166  00000-0  24715-2 0  9993
2 34648  86.4112 154.4175 0213249 316.3899  42.0588 13.96694575768245
1 34648U 97051JZ  24128.04733789  .00004656  00000-0  27631-2 0  9997
2 34648  86.4115 154.8102 0213342 319.5101  39.0363 13.96687217767518
1 34648U 97051JZ  24127.83241676  .00004591  00000-0  27243-2 0  9999
2 34648  86.4115 154.8944 0213357 320.1796  38.3884 13.96685143768074
1 34648U 97051JZ  24127.04437042  .00004237  00000-0  25135-2 0  9991
2 34648  86.4121 155.2033 0213490 322.6309  36.0175 13.96678009767373
1 34648U 97051JZ  24126.82944798  .00004142  00000-0  24568-2 0  9991
2 34648  86.4121 155.2875 0213509 323.2988  35.3721 13.96676139767346
1 34648U 97051JZ  24126.82944798  .00004142  00000-0  24568-2 0  9991
2 34648  86.4121 155.2875 0213509 323.2988  35.3721 13.96676139767931
1 34648U 97051JZ  24126.04139696  .00004275  00000-0  25357-2 0  9992
2 34648  86.4126 155.5962 0213630 325.7535  33.0013 13.96670735767234
1 34648U 97051JZ  24125.32498506  .00003841  00000-0  22777-2 0  9991
2 34648  86.4123 155.8768 0213658 327.9868  30.8470 13.96663622767724
1 34648U 97051JZ  24124.82349635  .00003998  00000-0  23708-2 0  9991
2 34648  86.4112 156.0719 0213680 329.6318  29.2614 13.96659420767065
1 34648U 97051JZ  24124.03543763  .00003872  00000-0  22966-2 0  9998
2 34648  86.4115 156.3810 0213675 332.0441  26.9383 13.96652700766950
1 34648U 97051JZ  24124.03543763  .00003872  00000-0  22966-2 0  9998
2 34648  86.4115 156.3810 0213675 332.0441  26.9383 13.96652700767546
1 34648U 97051JZ  24122.88916481  .00003852  00000-0  22845-2 0  9994
2 34648  86.4118 156.8301 0213769 335.6101  23.5070 13.96643827766797
1 34648U 97051JZ  24122.38766805  .00004189  00000-0  24851-2 0  9995
2 34648  86.4116 157.0265 0213808 337.1608  22.0161 13.96641273766721
1 34648U 97051JZ  24122.38766805  .00004189  00000-0  24851-2 0  9995
2 34648  86.4116 157.0265 0213808 337.1608  22.0161 13.96641273767317
1 34648U 97051JZ  24121.38467134  .00003430  00000-0  20330-2 0  9993
2 34648  86.4117 157.4196 0213905 340.2669  19.0318 13.96633323766580
1 34648U 97051JZ  24121.09810060  .00003361  00000-0  19918-2 0  9994
2 34648  86.4115 157.5320 0213953 341.1929  18.1425 13.96631420767137
1 34648U 97051JZ  24120.09509868  .00003997  00000-0  23706-2 0  9999
2 34648  86.4102 157.9242 0214008 344.3089  15.1518 13.96624198766407
1 34648U 97051JZ  24119.52195236  .00004766  00000-0  28278-2 0  9999
2 34648  86.4102 158.1485 0214074 346.0842  13.4487 13.96619558766329
1 34648U 97051JZ  24119.52195236  .00004766  00000-0  28278-2 0  9999
2 34648  86.4102 158.1485 0214074 346.0842  13.4487 13.96619558766914
1 34648U 97051JZ  24118.37565400  .00008096  00000-0  48080-2 0  9998
2 34648  86.4102 158.5969 0214238 349.6308  10.0480 13.96607905766169
1 34648U 97051JZ  24118.37565400  .00008096  00000-0  48080-2 0  9998
2 34648  86.4102 158.5969 0214238 349.6308  10.0480 13.96607905766754
1 34648U 97051JZ  24117.87414392  .00008276  00000-0  49154-2 0  9998
2 34648  86.4105 158.7934 0214291 351.1504   8.5915 13.96600742766090
1 34648U 97051JZ  24117.08605272  .00008345  00000-0  49558-2 0  9995
2 34648  86.4104 159.1019 0214434 353.6069   6.2376 13.96588381765987
1 34648U 97051JZ  24117.08605272  .00008345  00000-0  49558-2 0  9995
2 34648  86.4104 159.1019 0214434 353.6069   6.2376 13.96588381766573
1 34648U 97051JZ  24116.08301678  .00008318  00000-0  49397-2 0  9998
2 34648  86.4104 159.4947 0214613 356.6960   3.2783 13.96572801765846
1 34648U 97051JZ  24116.08301678  .00008318  00000-0  49397-2 0  9998
2 34648  86.4104 159.4947 0214613 356.6960   3.2783 13.96572801766432
1 34648U 97051JZ  24115.07997054  .00007938  00000-0  47139-2 0  9994
2 34648  86.4107 159.8873 0214805 359.8034   0.3019 13.96555044765706
1 34648U 97051JZ  24115.07997054  .00007938  00000-0  47139-2 0  9994
2 34648  86.4107 159.8873 0214805 359.8034   0.3019 13.96555044766291
1 34648U 97051JZ  24114.86503032  .00008055  00000-0  47830-2 0  9998
2 34648  86.4108 159.9713 0214844   0.4683 359.6652 13.96551411765676
1 34648U 97051JZ  24114.07691181  .00008200  00000-0  48691-2 0  9992
2 34648  86.4108 160.2801 0214999   2.9276 357.3099 13.96538174765564
1 34648U 97051JZ  24114.07691181  .00008200  00000-0  48691-2 0  9992
2 34648  86.4108 160.2801 0214999   2.9276 357.3099 13.96538174766150
1 34648U 97051JZ  24113.57537773  .00008975  00000-0  53301-2 0  9995
2 34648  86.4110 160.4766 0215065   4.4716 355.8312 13.96530116765491
1 34648U 97051JZ  24113.43208185  .00009686  00000-0  57521-2 0  9990
2 34648  86.4110 160.5327 0215135   4.9264 355.3956 13.96527919765470
1 34648U 97051JZ  24112.93054348  .00009898  00000-0  58782-2 0  9999
2 34648  86.4110 160.7292 0215193   6.4730 353.9143 13.96519033765405
1 34648U 97051JZ  24112.85889497  .00009879  00000-0  58673-2 0  9999
2 34648  86.4110 160.7573 0215199   6.6968 353.7000 13.96517561765985
1 34648U 97051JZ  24112.57230007  .00009649  00000-0  57306-2 0  9992
2 34648  86.4107 160.8690 0215235   7.5916 352.8428 13.96511526765356
1 34648U 97051JZ  24111.56920870  .00008878  00000-0  52740-2 0  9994
2 34648  86.4105 161.2611 0215293  10.6925 349.8718 13.96488502765211
1 34648U 97051JZ  24111.42590866  .00009151  00000-0  54366-2 0  9998
2 34648  86.4105 161.3173 0215297  11.1244 349.4579 13.96485589765784
1 34648U 97051JZ  24110.56610162  .00008041  00000-0  47766-2 0  9997
2 34648  86.4112 161.6539 0215507  13.7966 346.8970 13.96468037765071
1 34648U 97051JZ  24110.13619336  .00007305  00000-0  43380-2 0  9992
2 34648  86.4115 161.8221 0215641  15.1390 345.6102 13.96461158765600
1 34648U 97051JZ  24109.13306699  .00007890  00000-0  46853-2 0  9992
2 34648  86.4116 162.2151 0215869  18.2480 342.6287 13.96446970764878
1 34648U 97051JZ  24109.13306699  .00007890  00000-0  46853-2 0  9992
2 34648  86.4116 162.2151 0215869  18.2480 342.6287 13.96446970765464
1 34648U 97051JZ  24108.12992923  .00008151  00000-0  48404-2 0  9996
2 34648  86.4115 162.6075 0216041  21.3421 339.6594 13.96431722764730
1 34648U 97051JZ  24108.12992923  .00008151  00000-0  48404-2 0  9996
2 34648  86.4115 162.6075 0216041  21.3421 339.6594 13.96431722765326
1 34648U 97051JZ  24107.91496935  .00007787  00000-0  46237-2 0  9990
2 34648  86.4114 162.6913 0216071  22.0078 339.0202 13.96428499764703
1 34648U 97051JZ  24107.41339494  .00006332  00000-0  37588-2 0  9995
2 34648  86.4116 162.8877 0216132  23.5421 337.5466 13.96418412764633
1 34648U 97051JZ  24107.12677986  .00005349  00000-0  31737-2 0  9991
2 34648  86.4114 163.0004 0216280  24.4307 336.6934 13.96412876765182
1 34648U 97051JZ  24106.12361837  .00004919  00000-0  29170-2 0  9995
2 34648  86.4112 163.3938 0216472  27.4922 333.7507 13.96402086764453
1 34648U 97051JZ  24106.12361837  .00004919  00000-0  29170-2 0  9995
2 34648  86.4112 163.3938 0216472  27.4922 333.7507 13.96402086765049
1 34648U 97051JZ  24105.12044811  .00003948  00000-0  23391-2 0  9994
2 34648  86.4109 163.7864 0216616  30.5690 330.7901 13.96391737764318
1 34648U 97051JZ  24105.12044811  .00003948  00000-0  23391-2 0  9994
2 34648  86.4109 163.7864 0216616  30.5690 330.7901 13.96391737764903
1 34648U 97051JZ  24104.11727140  .00003499  00000-0  20717-2 0  9995
2 34648  86.4102 164.1788 0216787  33.6590 327.8137 13.96383055764179
1 34648U 97051JZ  24103.90230395  .00003499  00000-0  20716-2 0  9991
2 34648  86.4100 164.2630 0216801  34.3218 327.1747 13.96381529764147
1 34648U 97051JZ  24103.18574414  .00003246  00000-0  19206-2 0  9996
2 34648  86.4105 164.5434 0216974  36.5209 325.0540 13.96376262764047
1 34648U 97051JZ  24103.18574414  .00003246  00000-0  19206-2 0  9996
2 34648  86.4105 164.5434 0216974  36.5209 325.0540 13.96376262764632
1 34648U 97051JZ  24102.89911944  .00003117  00000-0  18437-2 0  9998
2 34648  86.4105 164.6555 0217035  37.4057 324.2002 13.96373985764001
1 34648U 97051JZ  24102.18255524  .00002997  00000-0  17722-2 0  9996
2 34648  86.4107 164.9364 0217100  39.6068 322.0740 13.96369324763908
1 34648U 97051JZ  24102.18255524  .00002997  00000-0  17722-2 0  9996
2 34648  86.4107 164.9364 0217100  39.6068 322.0740 13.96369324764493
1 34648U 97051JZ  24101.60930194  .00002907  00000-0  17187-2 0  9991
2 34648  86.4108 165.1607 0217186  41.3626 320.3767 13.96365663763829
1 34648U 97051JZ  24101.17936064  .00003058  00000-0  18082-2 0  9998
2 34648  86.4109 165.3290 0217249  42.6794 319.1028 13.96363745764354
1 34648U 97051JZ  24100.60610426  .00003052  00000-0  18046-2 0  9990
2 34648  86.4111 165.5533 0217338  44.4362 317.4020 13.96360476763685
1 34648U 97051JZ  24100.17616105  .00002764  00000-0  16329-2 0  9993
2 34648  86.4112 165.7218 0217392  45.7477 316.1313 13.96357086764213
1 34648U 97051JZ  24099.88953153  .00002862  00000-0  16912-2 0  9992
2 34648  86.4112 165.8339 0217438  46.6266 315.2792 13.96355763763585
1 34648U 97051JZ  24099.60290171  .00002884  00000-0  17040-2 0  9993
2 34648  86.4112 165.9457 0217485  47.5124 314.4202 13.96354199763547
1 34648U 97051JZ  24099.17295618  .00002793  00000-0  16498-2 0  9991
2 34648  86.4112 166.1134 0217582  48.8391 313.1329 13.96351468764071
1 34648U 97051JZ  24098.95798315  .00002623  00000-0  15486-2 0  9996
2 34648  86.4114 166.1974 0217612  49.4990 312.4921 13.96349632763452
1 34648U 97051JZ  24098.59969398  .00002646  00000-0  15625-2 0  9997
2 34648  86.4116 166.3378 0217642  50.5859 311.4360 13.96347701763400
1 34648U 97051JZ  24097.16653100  .00002605  00000-0  15375-2 0  9997
2 34648  86.4119 166.8988 0217784  54.9616 307.1778 13.96339549763205
1 34648U 97051JZ  24097.16653100  .00002605  00000-0  15375-2 0  9997
2 34648  86.4119 166.8988 0217784  54.9616 307.1778 13.96339549763799
1 34648U 97051JZ  24096.44994541  .00002583  00000-0  15245-2 0  9995
2 34648  86.4118 167.1793 0217854  57.1478 305.0462 13.96335429763100
1 34648U 97051JZ  24096.16331053  .00002566  00000-0  15140-2 0  9992
2 34648  86.4117 167.2915 0217917  58.0253 304.1901 13.96333884763658
1 34648U 97051JZ  24095.16008460  .00002869  00000-0  16938-2 0  9996
2 34648  86.4118 167.6843 0218035  61.0771 301.2081 13.96329157762928
1 34648U 97051JZ  24095.16008460  .00002869  00000-0  16938-2 0  9996
2 34648  86.4118 167.6843 0218035  61.0771 301.2081 13.96329157763514
1 34648U 97051JZ  24094.94510703  .00002870  00000-0  16945-2 0  9999
2 34648  86.4117 167.7684 0218057  61.7322 300.5671 13.96327827762899
1 34648U 97051JZ  24094.15685399  .00003027  00000-0  17876-2 0  9995
2 34648  86.4116 168.0767 0218137  64.1318 298.2171 13.96323213762786
1 34648U 97051JZ  24094.15685399  .00003027  00000-0  17876-2 0  9995
2 34648  86.4116 168.0767 0218137  64.1318 298.2171 13.96323213763372
1 34648U 97051JZ  24093.65523665  .00003232  00000-0  19094-2 0  9998
2 34648  86.4115 168.2728 0218192  65.6606 296.7179 13.96320273762718
1 34648U 97051JZ  24093.22527783  .00003302  00000-0  19508-2 0  9994
2 34648  86.4113 168.4409 0218249  66.9710 295.4318 13.96317371762656
1 34648U 97051JZ  24092.93863773  .00003439  00000-0  20323-2 0  9991
2 34648  86.4113 168.5531 0218246  67.8461 294.5718 13.96315664763202
1 34648U 97051JZ  24091.93539464  .00003525  00000-0  20833-2 0  9999
2 34648  86.4109 168.9457 0218421  70.9149 291.5539 13.96308319763062
1 34648U 97051JZ  24091.93539464  .00003525  00000-0  20833-2 0  9999
2 34648  86.4109 168.9457 0218421  70.9149 291.5539 13.96308319762476
1 34648U 97051JZ  24090.64550066  .00003594  00000-0  21239-2 0  9994
2 34648  86.4114 169.4505 0218591  74.8425 287.6812 13.96299303762292
1 34648U 97051JZ  24090.50217878  .00004326  00000-0  25586-2 0  9993
2 34648  86.4114 169.5065 0218607  75.2820 287.2471 13.96299173762276
1 34648U 97051JZ  24090.21553373  .00003958  00000-0  23399-2 0  9994
2 34648  86.4110 169.6188 0218664  76.1707 286.3692 13.96296570762820
1 34648U 97051JZ  24089.64224240  .00004697  00000-0  27788-2 0  9994
2 34648  86.4124 169.8454 0218669  77.9651 284.5937 13.96293101762150
1 34648U 97051JZ  24089.49891894  .00003727  00000-0  22018-2 0  9996
2 34648  86.4103 169.8988 0218800  78.3520 284.2120 13.96291072762130
1 34648U 97051JZ  24089.21227195  .00003761  00000-0  22222-2 0  9998
2 34648  86.4104 170.0104 0218793  79.2273 283.3447 13.96289071762689
1 34648U 97051JZ  24088.20900382  .00003930  00000-0  23226-2 0  9995
2 34648  86.4110 170.4026 0218873  82.2731 280.3235 13.96281539761957
1 34648U 97051JZ  24088.20900382  .00003930  00000-0  23226-2 0  9995
2 34648  86.4110 170.4026 0218873  82.2731 280.3235 13.96281539762543
1 34648U 97051JZ  24087.20572884  .00004844  00000-0  28654-2 0  9991
2 34648  86.4112 170.7953 0218970  85.3223 277.2922 13.96274060762409
1 34648U 97051JZ  24086.20244640  .00009043  00000-0  53583-2 0  9991
2 34648  86.4115 171.1883 0218833  88.3745 274.2481 13.96269001762269
1 34648U 97051JZ  24084.19585243  .00006252  00000-0  37033-2 0  9995
2 34648  86.4124 171.9737 0219040  94.4484 268.1748 13.96232069761399
1 34648U 97051JZ  24084.19585243  .00006252  00000-0  37033-2 0  9995
2 34648  86.4124 171.9737 0219040  94.4484 268.1748 13.96232069761984
1 34648U 97051JZ  24082.18920580  .00005581  00000-0  33060-2 0  9999
2 34648  86.4123 172.7588 0219138 100.5539 262.0402 13.96205499761116
1 34648U 97051JZ  24081.68753777  .00005515  00000-0  32668-2 0  9995
2 34648  86.4121 172.9551 0219185 102.0861 260.4965 13.96199513761040
1 34648U 97051JZ  24081.25753408  .00005229  00000-0  30974-2 0  9999
2 34648  86.4127 173.1234 0219142 103.3857 259.1848 13.96194442760982
1 34648U 97051JZ  24081.25753408  .00005229  00000-0  30974-2 0  9999
2 34648  86.4127 173.1234 0219142 103.3857 259.1848 13.96194442761578
1 34648U 97051JZ  24080.25418542  .00004954  00000-0  29346-2 0  9990
2 34648  86.4123 173.5157 0219175 106.4409 256.0976 13.96184017760849
1 34648U 97051JZ  24080.25418542  .00004954  00000-0  29346-2 0  9990
2 34648  86.4123 173.5157 0219175 106.4409 256.0976 13.96184017761435
1 34648U 97051JZ  24079.25082827  .00004188  00000-0  24794-2 0  9992
2 34648  86.4123 173.9079 0219177 109.4913 253.0080 13.96173386760706
1 34648U 97051JZ  24079.25082827  .00004188  00000-0  24794-2 0  9992
2 34648  86.4123 173.9079 0219177 109.4913 253.0080 13.96173386761291
1 34648U 97051JZ  24078.67747732  .00003424  00000-0  20250-2 0  9995
2 34648  86.4120 174.1321 0219231 111.2436 251.2307 13.96167313760624
1 34648U 97051JZ  24078.24746251  .00003101  00000-0  18330-2 0  9991
2 34648  86.4121 174.3000 0219217 112.5562 249.8972 13.96163477760560
1 34648U 97051JZ  24078.24746251  .00003101  00000-0  18330-2 0  9991
2 34648  86.4121 174.3000 0219217 112.5562 249.8972 13.96163477761156
1 34648U 97051JZ  24077.74577700  .00003255  00000-0  19245-2 0  9992
2 34648  86.4113 174.4969 0219272 114.0760 248.3525 13.96160411760499
1 34648U 97051JZ  24077.24408978  .00003312  00000-0  19590-2 0  9994
2 34648  86.4108 174.6931 0219279 115.6011 246.8002 13.96157065760424
1 34648U 97051JZ  24077.24408978  .00003312  00000-0  19590-2 0  9994
2 34648  86.4108 174.6931 0219279 115.6011 246.8002 13.96157065761010
1 34648U 97051JZ  24076.24071071  .00003447  00000-0  20399-2 0  9991
2 34648  86.4112 175.0852 0219214 118.6569 243.6841 13.96150007760285
1 34648U 97051JZ  24076.24071071  .00003447  00000-0  20399-2 0  9991
2 34648  86.4112 175.0852 0219214 118.6569 243.6841 13.96150007760870
1 34648U 97051JZ  24075.73901830  .00003868  00000-0  22910-2 0  9997
2 34648  86.4116 175.2814 0219082 120.1903 242.1171 13.96147289760213
1 34648U 97051JZ  24075.23732469  .00004047  00000-0  23973-2 0  9992
2 34648  86.4116 175.4775 0219076 121.7113 240.5624 13.96143861760738
1 34648U 97051JZ  24074.73562988  .00003983  00000-0  23594-2 0  9990
2 34648  86.4115 175.6741 0219074 123.2397 238.9986 13.96139335760071
1 34648U 97051JZ  24074.01891933  .00004022  00000-0  23831-2 0  9995
2 34648  86.4120 175.9545 0219018 125.4261 236.7583 13.96133439759979
1 34648U 97051JZ  24074.01891933  .00004022  00000-0  23831-2 0  9995
2 34648  86.4120 175.9545 0219018 125.4261 236.7583 13.96133439760566
1 34648U 97051JZ  24073.73223428  .00004062  00000-0  24073-2 0  9994
2 34648  86.4120 176.0665 0219019 126.2988 235.8634 13.96131211759939
1 34648U 97051JZ  24073.01551889  .00003972  00000-0  23543-2 0  9990
2 34648  86.4126 176.3468 0219020 128.4741 233.6309 13.96124820759834
1 34648U 97051JZ  24073.01551889  .00003972  00000-0  23543-2 0  9990
2 34648  86.4126 176.3468 0219020 128.4741 233.6309 13.96124820760421
1 34648U 97051JZ  24071.00869649  .00004581  00000-0  27170-2 0  9990
2 34648  86.4129 177.1317 0219081 134.5559 227.3741 13.96107427759554
1 34648U 97051JZ  24070.72200515  .00004710  00000-0  27943-2 0  9991
2 34648  86.4129 177.2446 0219111 135.4225 226.4809 13.96105003759511
1 34648U 97051JZ  24070.72200515  .00004710  00000-0  27943-2 0  9991
2 34648  86.4129 177.2446 0219111 135.4225 226.4809 13.96105003760108
1 34648U 97051JZ  24069.71858012  .00005217  00000-0  30964-2 0  9999
2 34648  86.4126 177.6368 0219115 138.4649 223.3412 13.96095586759376
1 34648U 97051JZ  24069.28853823  .00006117  00000-0  36325-2 0  9993
2 34648  86.4125 177.8051 0219093 139.7675 221.9951 13.96092772759314
1 34648U 97051JZ  24069.28853823  .00006117  00000-0  36325-2 0  9993
2 34648  86.4125 177.8051 0219093 139.7675 221.9951 13.96092772759909
1 34648U 97051JZ  24068.71514709  .00005514  00000-0  32744-2 0  9998
2 34648  86.4121 178.0296 0219059 141.5132 220.1899 13.96085056759235
1 34648U 97051JZ  24068.07007804  .00005789  00000-0  34389-2 0  9991
2 34648  86.4121 178.2815 0219062 143.4858 218.1485 13.96078481759731
1 34648U 97051JZ  24067.28165537  .00005567  00000-0  33074-2 0  9995
2 34648  86.4119 178.5899 0218963 145.9061 215.6405 13.96069460759039
1 34648U 97051JZ  24065.77647015  .00005689  00000-0  33824-2 0  9991
2 34648  86.4117 179.1784 0218863 150.5054 210.8681 13.96051805758823
1 34648U 97051JZ  24065.77647015  .00005689  00000-0  33824-2 0  9991
2 34648  86.4117 179.1784 0218863 150.5054 210.8681 13.96051805759419
1 34648U 97051JZ  24065.27473740  .00005763  00000-0  34272-2 0  9999
2 34648  86.4118 179.3746 0218831 152.0335 209.2807 13.96045014758757
1 34648U 97051JZ  24064.55797234  .00005630  00000-0  33485-2 0  9994
2 34648  86.4117 179.6549 0218814 154.2105 207.0177 13.96034463758651
1 34648U 97051JZ  24064.27126422  .00006888  00000-0  40987-2 0  9999
2 34648  86.4116 179.7668 0218815 155.0815 206.1120 13.96033375759202
1 34648U 97051JZ  24064.05623081  .00010452  00000-0  62226-2 0  9990
2 34648  86.4120 179.8507 0218750 155.7288 205.4383 13.96038950759172
1 34648U 97051JZ  24063.05274697  .00005502  00000-0  32736-2 0  9997
2 34648  86.4122 180.2431 0218771 158.7855 202.2569 13.96015304758440
1 34648U 97051JZ  24063.05274697  .00005502  00000-0  32736-2 0  9997
2 34648  86.4122 180.2431 0218771 158.7855 202.2569 13.96015304759036
1 34648U 97051JZ  24060.75902949  .00005381  00000-0  32037-2 0  9998
2 34648  86.4124 181.1391 0218727 165.7148 195.0349 13.95990008758123
1 34648U 97051JZ  24060.32895199  .00005335  00000-0  31763-2 0  9993
2 34648  86.4123 181.3074 0218782 167.0530 193.6392 13.95985342758063
1 34648U 97051JZ  24060.32895199  .00005335  00000-0  31763-2 0  9993
2 34648  86.4123 181.3074 0218782 167.0530 193.6392 13.95985342758658
1 34648U 97051JZ  24059.75551429  .00005618  00000-0  33457-2 0  9999
2 34648  86.4117 181.5320 0218768 168.7616 191.8563 13.95979213757989
1 34648U 97051JZ  24059.11039326  .00006002  00000-0  35751-2 0  9993
2 34648  86.4112 181.7843 0218831 170.7098 189.8231 13.95971891757897
1 34648U 97051JZ  24059.11039326  .00006002  00000-0  35751-2 0  9993
2 34648  86.4112 181.7843 0218831 170.7098 189.8231 13.95971891758483
1 34648U 97051JZ  24058.82367162  .00006250  00000-0  37233-2 0  9994
2 34648  86.4113 181.8965 0218832 171.5918 188.9023 13.95968633757850
1 34648U 97051JZ  24058.32190715  .00007042  00000-0  41969-2 0  9998
2 34648  86.4109 182.0931 0218748 173.1040 187.3233 13.95963428757786
1 34648U 97051JZ  24058.10686510  .00007393  00000-0  44070-2 0  9992
2 34648  86.4108 182.1772 0218720 173.7312 186.6684 13.95960695758345
1 34648U 97051JZ  24056.31482445  .00007070  00000-0  42172-2 0  9997
2 34648  86.4111 182.8779 0218591 179.2535 180.9012 13.95936071757507
1 34648U 97051JZ  24055.81304703  .00007106  00000-0  42397-2 0  9990
2 34648  86.4111 183.0744 0218536 180.8161 179.2691 13.95930006757432
1 34648U 97051JZ  24055.81304703  .00007106  00000-0  42397-2 0  9990
2 34648  86.4111 183.0744 0218536 180.8161 179.2691 13.95930006758028
1 34648U 97051JZ  24055.09621908  .00006028  00000-0  35963-2 0  9992
2 34648  86.4112 183.3553 0218512 182.9890 176.9997 13.95919121757337
1 34648U 97051JZ  24054.80948697  .00006322  00000-0  37726-2 0  9993
2 34648  86.4113 183.4674 0218500 183.8413 176.1096 13.95916124757298
1 34648U 97051JZ  24054.30770326  .00005162  00000-0  30794-2 0  9999
2 34648  86.4112 183.6637 0218469 185.3793 174.5036 13.95908177757228
1 34648U 97051JZ  24054.30770326  .00005162  00000-0  30794-2 0  9999
2 34648  86.4112 183.6637 0218469 185.3793 174.5036 13.95908177757813
1 34648U 97051JZ  24052.30054683  .00007030  00000-0  41997-2 0  9991
2 34648  86.4108 184.4487 0218327 191.4683 168.1475 13.95885509756941
1 34648U 97051JZ  24051.79875269  .00007201  00000-0  43033-2 0  9997
2 34648  86.4107 184.6446 0218251 192.9879 166.5623 13.95878363756875
1 34648U 97051JZ  24051.36864129  .00006808  00000-0  40686-2 0  9996
2 34648  86.4106 184.8129 0218253 194.2989 165.1948 13.95871372757401
1 34648U 97051JZ  24050.79515635  .00008281  00000-0  49514-2 0  9993
2 34648  86.4105 185.0371 0218203 196.0314 163.3884 13.95864969756737
1 34648U 97051JZ  24050.36504076  .00008160  00000-0  48803-2 0  9999
2 34648  86.4104 185.2053 0218185 197.3364 162.0280 13.95857622756670
1 34648U 97051JZ  24050.36504076  .00008160  00000-0  48803-2 0  9999
2 34648  86.4104 185.2053 0218185 197.3364 162.0280 13.95857622757266
1 34648U 97051JZ  24049.79154976  .00008998  00000-0  53831-2 0  9990
2 34648  86.4106 185.4293 0218167 199.0936 160.1970 13.95849120756594
1 34648U 97051JZ  24049.36142926  .00009662  00000-0  57815-2 0  9990
2 34648  86.4105 185.5975 0218132 200.3984 158.8381 13.95842674756533
1 34648U 97051JZ  24048.78793210  .00008513  00000-0  50951-2 0  9991
2 34648  86.4104 185.8217 0218100 202.1524 157.0119 13.95830430756457
1 34648U 97051JZ  24048.35780612  .00008771  00000-0  52507-2 0  9991
2 34648  86.4106 185.9899 0218089 203.4749 155.6355 13.95823525756391
1 34648U 97051JZ  24048.35780612  .00008771  00000-0  52507-2 0  9991
2 34648  86.4106 185.9899 0218089 203.4749 155.6355 13.95823525756986
1 34648U 97051JZ  24047.13910446  .00008549  00000-0  51204-2 0  9992
2 34648  86.4108 186.4670 0218026 207.2089 151.7529 13.95802315756222
1 34648U 97051JZ  24047.13910446  .00008549  00000-0  51204-2 0  9992
2 34648  86.4108 186.4670 0218026 207.2089 151.7529 13.95802315756817
1 34648U 97051JZ  24046.35052363  .00008525  00000-0  51075-2 0  9990
2 34648  86.4109 186.7757 0217990 209.6235 149.2449 13.95788785756115
1 34648U 97051JZ  24046.13545482  .00009645  00000-0  57792-2 0  9991
2 34648  86.4115 186.8598 0218002 210.2972 148.5454 13.95786329756678
1 34648U 97051JZ  24045.34686526  .00009782  00000-0  58638-2 0  9990
2 34648  86.4116 187.1686 0217902 212.7015 146.0515 13.95772414755977
1 34648U 97051JZ  24044.84503123  .00009406  00000-0  56400-2 0  9993
2 34648  86.4120 187.3653 0217887 214.2459 144.4506 13.95762887756492
1 34648U 97051JZ  24044.84503123  .00009406  00000-0  56400-2 0  9993
2 34648  86.4120 187.3653 0217887 214.2459 144.4506 13.95762887755907
1 34648U 97051JZ  24043.84135515  .00007697  00000-0  46174-2 0  9995
2 34648  86.4117 187.7575 0217757 217.2711 141.3186 13.95742323756353
1 34648U 97051JZ  24043.84135515  .00007697  00000-0  46174-2 0  9995
2 34648  86.4117 187.7575 0217757 217.2711 141.3186 13.95742323755767
1 34648U 97051JZ  24043.12443606  .00007763  00000-0  46589-2 0  9993
2 34648  86.4118 188.0376 0217648 219.4377 139.0784 13.95729689755669
1 34648U 97051JZ  24042.83766670  .00008965  00000-0  53817-2 0  9996
2 34648  86.4116 188.1483 0217628 220.3226 138.1638 13.95726962755624
1 34648U 97051JZ  24042.83766670  .00008965  00000-0  53817-2 0  9996
2 34648  86.4116 188.1483 0217628 220.3226 138.1638 13.95726962756210
1 34648U 97051JZ  24042.40751062  .00007508  00000-0  45072-2 0  9994
2 34648  86.4113 188.3164 0217632 221.6384 136.8046 13.95717340755564
1 34648U 97051JZ  24041.83396682  .00009115  00000-0  54747-2 0  9998
2 34648  86.4114 188.5408 0217522 223.3763 135.0117 13.95711127755484
1 34648U 97051JZ  24041.83396682  .00009115  00000-0  54747-2 0  9998
2 34648  86.4114 188.5408 0217522 223.3763 135.0117 13.95711127756070
1 34648U 97051JZ  24040.83025527  .00006378  00000-0  38309-2 0  9998
2 34648  86.4113 188.9335 0217419 226.4171 131.8779 13.95692205755346
1 34648U 97051JZ  24040.40009054  .00006904  00000-0  41484-2 0  9991
2 34648  86.4113 189.1022 0217341 227.7259 130.5310 13.95687536755288
1 34648U 97051JZ  24040.40009054  .00006904  00000-0  41484-2 0  9991
2 34648  86.4113 189.1022 0217341 227.7259 130.5310 13.95687536755873
1 34648U 97051JZ  24038.39263288  .00005768  00000-0  34679-2 0  9992
2 34648  86.4110 189.8869 0217183 233.8585 124.2321 13.95660240755000
1 34648U 97051JZ  24038.39263288  .00005768  00000-0  34679-2 0  9992
2 34648  86.4110 189.8869 0217183 233.8585 124.2321 13.95660240755594
1 34648U 97051JZ  24037.89076349  .00005818  00000-0  34991-2 0  9999
2 34648  86.4109 190.0832 0217087 235.3895 122.6638 13.95654908754934
1 34648U 97051JZ  24037.38889177  .00005446  00000-0  32754-2 0  9996
2 34648  86.4110 190.2799 0217090 236.9489 121.0670 13.95649090754867
1 34648U 97051JZ  24037.38889177  .00005446  00000-0  32754-2 0  9996
2 34648  86.4110 190.2799 0217090 236.9489 121.0670 13.95649090755453
1 34648U 97051JZ  24036.38514376  .00004803  00000-0  28886-2 0  9998
2 34648  86.4111 190.6720 0217001 240.0206 117.9273 13.95638641754729
1 34648U 97051JZ  24036.38514376  .00004803  00000-0  28886-2 0  9998
2 34648  86.4111 190.6720 0217001 240.0206 117.9273 13.95638641755315
1 34648U 97051JZ  24035.38138997  .00004394  00000-0  26426-2 0  9991
2 34648  86.4127 191.0653 0216961 243.1240 114.7613 13.95630061754587
1 34648U 97051JZ  24035.38138997  .00004394  00000-0  26426-2 0  9991
2 34648  86.4127 191.0653 0216961 243.1240 114.7613 13.95630061755173
1 34648U 97051JZ  24034.37763121  .00003933  00000-0  23655-2 0  9991
2 34648  86.4106 191.4571 0216802 246.1830 111.6484 13.95622038754441
1 34648U 97051JZ  24033.44556663  .00003723  00000-0  22397-2 0  9998
2 34648  86.4104 191.8209 0216644 249.0368 108.7504 13.95614970754315
1 34648U 97051JZ  24033.44556663  .00003723  00000-0  22397-2 0  9998
2 34648  86.4104 191.8209 0216644 249.0368 108.7504 13.95614970754900
1 34648U 97051JZ  24032.87198672  .00003950  00000-0  23776-2 0  9990
2 34648  86.4117 192.0466 0216595 250.7994 106.9630 13.95611592754234
1 34648U 97051JZ  24032.44180121  .00003762  00000-0  22650-2 0  9994
2 34648  86.4115 192.2147 0216424 252.1098 105.6371 13.95608177754178
1 34648U 97051JZ  24032.44180121  .00003762  00000-0  22650-2 0  9994
2 34648  86.4115 192.2147 0216424 252.1098 105.6371 13.95608177754763
1 34648U 97051JZ  24030.86444875  .00004208  00000-0  25363-2 0  9997
2 34648  86.4100 192.8318 0216104 256.9675 100.7296 13.95597269753952
1 34648U 97051JZ  24030.43425880  .00004820  00000-0  29081-2 0  9996
2 34648  86.4119 192.9973 0215818 258.2454  99.4438 13.95595922753890
1 34648U 97051JZ  24030.43425880  .00004820  00000-0  29081-2 0  9996
2 34648  86.4119 192.9973 0215818 258.2454  99.4438 13.95595922754486
1 34648U 97051JZ  24029.43048165  .00005021  00000-0  30294-2 0  9993
2 34648  86.4116 193.3894 0215911 261.3432  96.3231 13.95588222754342
1 34648U 97051JZ  24028.42670059  .00004370  00000-0  26356-2 0  9994
2 34648  86.4103 193.7830 0216029 264.4519  93.1983 13.95578236753615
1 34648U 97051JZ  24028.42670059  .00004370  00000-0  26356-2 0  9994
2 34648  86.4103 193.7830 0216029 264.4519  93.1983 13.95578236754201
1 34648U 97051JZ  24027.42291473  .00005292  00000-0  31939-2 0  9999
2 34648  86.4107 194.1755 0215964 267.5360  90.1076 13.95572350753470
1 34648U 97051JZ  24027.42291473  .00005292  00000-0  31939-2 0  9999
2 34648  86.4107 194.1755 0215964 267.5360  90.1076 13.95572350754066
1 34648U 97051JZ  24025.20023122  .00005225  00000-0  31548-2 0  9999
2 34648  86.4105 195.0451 0215951 274.3932  83.2598 13.95552657753759
1 34648U 97051JZ  24025.20023122  .00005225  00000-0  31548-2 0  9999
2 34648  86.4105 195.0451 0215951 274.3932  83.2598 13.95552657753164
1 34648U 97051JZ  24024.48323154  .00005903  00000-0  35662-2 0  9990
2 34648  86.4100 195.3254 0215862 276.6043  81.0603 13.95547645753065
1 34648U 97051JZ  24024.48323154  .00005903  00000-0  35662-2 0  9990
2 34648  86.4100 195.3254 0215862 276.6043  81.0603 13.95547645753650
1 34648U 97051JZ  24023.26432655  .00005080  00000-0  30688-2 0  9991
2 34648  86.4106 195.8016 0215857 280.3681  77.3227 13.95534470752898
1 34648U 97051JZ  24022.47561916  .00005046  00000-0  30494-2 0  9993
2 34648  86.4104 196.1102 0215672 282.7694  74.9456 13.95527317752788
1 34648U 97051JZ  24022.47561916  .00005046  00000-0  30494-2 0  9993
2 34648  86.4104 196.1102 0215672 282.7694  74.9456 13.95527317753374
1 34648U 97051JZ  24021.90201147  .00004697  00000-0  28385-2 0  9994
2 34648  86.4108 196.3347 0215671 284.5195  73.2143 13.95521453752702
1 34648U 97051JZ  24021.47180492  .00005035  00000-0  30436-2 0  9992
2 34648  86.4110 196.5027 0215681 285.8520  71.8975 13.95517863753235
1 34648U 97051JZ  24020.89819387  .00005159  00000-0  31192-2 0  9996
2 34648  86.4108 196.7272 0215568 287.5987  70.1746 13.95513192752560
1 34648U 97051JZ  24020.46798525  .00005129  00000-0  31016-2 0  9991
2 34648  86.4108 196.8955 0215538 288.9506  68.8419 13.95508916752501
1 34648U 97051JZ  24020.46798525  .00005129  00000-0  31016-2 0  9991
2 34648  86.4108 196.8955 0215538 288.9506  68.8419 13.95508916753096
1 34648U 97051JZ  24019.89437071  .00005311  00000-0  32118-2 0  9999
2 34648  86.4107 197.1198 0215655 290.6598  67.1572 13.95503367752422
1 34648U 97051JZ  24019.46415972  .00005381  00000-0  32540-2 0  9994
2 34648  86.4104 197.2886 0215662 291.9941  65.8444 13.95498786752362
1 34648U 97051JZ  24019.46415972  .00005381  00000-0  32540-2 0  9994
2 34648  86.4104 197.2886 0215662 291.9941  65.8444 13.95498786752957
1 34648U 97051JZ  24017.24138276  .00005798  00000-0  35077-2 0  9997
2 34648  86.4110 198.1562 0215749 298.8549  59.1122 13.95476019752056
1 34648U 97051JZ  24017.24138276  .00005798  00000-0  35077-2 0  9997
2 34648  86.4110 198.1562 0215749 298.8549  59.1122 13.95476019752641
1 34648U 97051JZ  24016.45264752  .00006190  00000-0  37465-2 0  9998
2 34648  86.4108 198.4649 0215723 301.2711  56.7492 13.95467901751944
1 34648U 97051JZ  24015.95072297  .00005937  00000-0  35924-2 0  9999
2 34648  86.4111 198.6618 0215826 302.8142  55.2408 13.95461724752461
1 34648U 97051JZ  24015.44879687  .00006550  00000-0  39652-2 0  9995
2 34648  86.4104 198.8578 0215772 304.3637  53.7291 13.95457034751805
1 34648U 97051JZ  24014.94686911  .00006073  00000-0  36759-2 0  9990
2 34648  86.4105 199.0539 0215801 305.9098  52.2214 13.95450779752323
1 34648U 97051JZ  24014.30153054  .00005577  00000-0  33748-2 0  9990
2 34648  86.4112 199.3061 0215925 307.8950  50.2868 13.95442847751643
1 34648U 97051JZ  24013.94300798  .00005192  00000-0  31415-2 0  9990
2 34648  86.4112 199.4461 0215973 308.9998  49.2114 13.95438327751599
1 34648U 97051JZ  24013.51277969  .00004877  00000-0  29506-2 0  9993
2 34648  86.4114 199.6143 0215993 310.3190  47.9285 13.95433359751531
1 34648U 97051JZ  24013.51277969  .00004877  00000-0  29506-2 0  9993
2 34648  86.4114 199.6143 0215993 310.3190  47.9285 13.95433359752127
1 34648U 97051JZ  24012.93913935  .00004897  00000-0  29633-2 0  9991
2 34648  86.4112 199.8382 0215942 312.0737  46.2242 13.95428291751451
1 34648U 97051JZ  24012.50890859  .00004890  00000-0  29581-2 0  9998
2 34648  86.4115 200.0052 0216114 313.4326  44.9037 13.95423976751399
1 34648U 97051JZ  24012.50890859  .00004890  00000-0  29581-2 0  9998
2 34648  86.4115 200.0052 0216114 313.4326  44.9037 13.95423976751984
1 34648U 97051JZ  24011.50503201  .00004479  00000-0  27100-2 0  9997
2 34648  86.4110 200.3975 0216011 316.4920  41.9384 13.95413656751251
1 34648U 97051JZ  24010.93138478  .00004708  00000-0  28496-2 0  9997
2 34648  86.4112 200.6215 0215907 318.2107  40.2749 13.95409296751761
1 34648U 97051JZ  24009.28214008  .00003962  00000-0  23968-2 0  9997
2 34648  86.4101 201.2681 0216113 323.2341  35.4170 13.95394230750943
1 34648U 97051JZ  24008.49336635  .00003687  00000-0  22295-2 0  9996
2 34648  86.4100 201.5763 0216186 325.6570  33.0782 13.95387682750830
1 34648U 97051JZ  24008.49336635  .00003687  00000-0  22295-2 0  9996
2 34648  86.4100 201.5763 0216186 325.6570  33.0782 13.95387682751426
1 34648U 97051JZ  24007.48946888  .00003639  00000-0  21989-2 0  9997
2 34648  86.4110 201.9684 0216602 328.7594  30.0852 13.95380297750694
1 34648U 97051JZ  24007.48946888  .00003639  00000-0  21989-2 0  9997
2 34648  86.4110 201.9684 0216602 328.7594  30.0852 13.95380297751280
1 34648U 97051JZ  24006.48556641  .00003395  00000-0  20512-2 0  9990
2 34648  86.4115 202.3603 0216703 331.8383  27.1203 13.95372529750559
1 34648U 97051JZ  24006.48556641  .00003395  00000-0  20512-2 0  9990
2 34648  86.4115 202.3603 0216703 331.8383  27.1203 13.95372529751145
1 34648U 97051JZ  24004.54945469  .00003052  00000-0  18433-2 0  9994
2 34648  86.4111 203.1159 0216574 337.7427  21.4451 13.95359597750877
1 34648U 97051JZ  24004.54945469  .00003052  00000-0  18433-2 0  9994
2 34648  86.4111 203.1159 0216574 337.7427  21.4451 13.95359597750282
1 34648U 97051JZ  24003.54553895  .00003077  00000-0  18590-2 0  9992
2 34648  86.4117 203.5086 0216599 340.7905  18.5190 13.95353363750735
1 34648U 97051JZ  24003.54553895  .00003077  00000-0  18590-2 0  9992
2 34648  86.4117 203.5086 0216599 340.7905  18.5190 13.95353363750140
1 34648U 97051JZ  24002.54161913  .00003357  00000-0  20288-2 0  9995
2 34648  86.4116 203.9006 0216588 343.8440  15.5897 13.95347493750598
1 34648U 97051JZ  24002.54161913  .00003357  00000-0  20288-2 0  9995
2 34648  86.4116 203.9006 0216588 343.8440  15.5897 13.95347493750004
1 34648U 97051JZ  24001.53769509  .00003243  00000-0  19599-2 0  9995
2 34648  86.4118 204.2935 0216582 346.8702  12.6886 13.95340541750451
1 34648U 97051JZ  24001.53769509  .00003243  00000-0  19599-2 0  9995
2 34648  86.4118 204.2935 0216582 346.8702  12.6886 13.95340541749864
